#Parameters = {ZL=100; C=0; L=100; Lamb=0.05; Li=0; R=1e-13; W=20; Zp2=50; dlump=2; er=2; h=0.8; w1=2.62}
#"Time / ns"	"o1,1 (ZL=100) [Real / W^(1/2)]"
#--------------------------------------------
0.0000000000000	-7.2405680384691e-07
0.00059221748961136	9.0226535576221e-08
0.0011844349792227	-9.0226535576221e-08
0.0017766525270417	-1.0397157979014e-07
0.0023688699584454	-1.4086822375248e-07
0.0029610875062644	-6.1448730548364e-08
0.0035533050540835	3.8347700126451e-08
0.0041455226019025	8.5533834237594e-08
0.0047377399168909	5.7800264130492e-08
0.0053299576975405	1.8850233374224e-08
0.0059221750125289	1.6598789898126e-08
0.0065143927931786	2.0442232795403e-08
0.0071066101081669	4.5878798538013e-09
0.0076988278888166	-1.1461250615241e-08
0.0082910452038050	-1.5830400101891e-08
0.0088832629844546	-2.0043957604798e-08
0.0094754798337817	-3.2170557773270e-08
0.010067697614431	-5.0737437362613e-08
0.010659915395081	-6.4070079019984e-08
0.011252133175731	-5.7761624816521e-08
0.011844350025058	-3.2803249894187e-08
0.012436567805707	-5.9153726361671e-09
0.013028785586357	-2.9735527373731e-09
0.013621003367007	-4.3937621541090e-08
0.014213220216334	-1.1079061579267e-07
0.014805437996984	-1.5548806686638e-07
0.015397655777633	-1.6098064747894e-07
0.015989873558283	-1.4617864962929e-07
0.016582090407610	-1.1622853435256e-07
0.017174307256937	-7.7218970773174e-08
0.017766525968909	-6.3456781163040e-08
0.018358742818236	-7.5898043405687e-08
0.018950959667563	-6.0541879065568e-08
0.019543178379536	-1.9609050383451e-08
0.020135395228863	-2.4757516925433e-08
0.020727613940835	-8.4100641117857e-08
0.021319830790162	-1.5478109105516e-07
0.021912047639489	-2.4844956669767e-07
0.022504266351461	-3.6283128679315e-07
0.023096483200788	-4.1458494592916e-07
0.023688700050116	-3.7516198858611e-07
0.024280918762088	-3.2193270271819e-07
0.024873135611415	-2.9468824891410e-07
0.025465352460742	-2.6647734330254e-07
0.026057571172714	-2.4128917175403e-07
0.026649788022041	-2.4563178158132e-07
0.027242006734014	-2.5900109790200e-07
0.027834223583341	-2.5223098987226e-07
0.028426440432668	-2.4330856263077e-07
0.029018659144640	-2.5759587174434e-07
0.029610875993967	-3.0064137490626e-07
0.030203092843294	-3.7099763972037e-07
0.030795311555266	-4.6365499883905e-07
0.031387530267239	-5.7244966455983e-07
0.031979747116566	-6.8128969132886e-07
0.032571963965893	-7.6601946830124e-07
0.033164180815220	-8.2352954677845e-07
0.033756397664547	-8.7413553728766e-07
0.034348614513874	-9.2549936425712e-07
0.034940835088491	-9.7116367214767e-07
0.035533051937819	-1.0232747627015e-06
0.036125268787146	-1.0972169093293e-06
0.036717485636473	-1.1743065897463e-06
0.037309702485800	-1.2313394108787e-06
0.037901919335127	-1.2777649089912e-06
0.038494139909744	-1.3218689218775e-06
0.039086356759071	-1.3594100209957e-06
0.039678573608398	-1.4048238199393e-06
0.040270790457726	-1.4651177480118e-06
0.040863007307053	-1.5211570598694e-06
0.041455227881670	-1.5928817447275e-06
0.042047444730997	-1.7322247458651e-06
0.042639661580324	-1.9189656086382e-06
0.043231878429651	-2.0985949049646e-06
0.043824095278978	-2.2880371943756e-06
0.044416312128305	-2.5100973743974e-06
0.045008532702923	-2.7202702312934e-06
0.045600749552250	-2.8942179142177e-06
0.046192966401577	-3.0759276796744e-06
0.046785183250904	-3.2835973797773e-06
0.047377400100231	-3.4918564324471e-06
0.047969620674849	-3.7180411709414e-06
0.048561837524176	-4.0025656744547e-06
0.049154054373503	-4.3270142668916e-06
0.049746271222830	-4.6358691179194e-06
0.050338488072157	-4.9109808060166e-06
0.050930704921484	-5.1821416491293e-06
0.051522925496101	-5.4894594541111e-06
0.052115142345428	-5.8432005971554e-06
0.052707359194756	-6.2236777012004e-06
0.053299576044083	-6.6201519075548e-06
0.053891792893410	-7.0261257860693e-06
0.054484013468027	-7.4317490543763e-06
0.055076230317354	-7.8541670518462e-06
0.055668447166681	-8.3210125012556e-06
0.056260664016008	-8.8241158664459e-06
0.056852880865335	-9.3370626927936e-06
0.057445097714663	-9.8708806035575e-06
0.058037318289280	-1.0457609278092e-05
0.058629535138607	-1.1094860383309e-05
0.059221751987934	-1.1767970136134e-05
0.059813968837261	-1.2484587387007e-05
0.060406185686588	-1.3240606676845e-05
0.060998406261206	-1.4020250091562e-05
0.061590623110533	-1.4845871191937e-05
0.062182839959860	-1.5747029465274e-05
0.062775060534477	-1.6708889233996e-05
0.063367277383804	-1.7717733499012e-05
0.063959494233131	-1.8789771274896e-05
0.064551711082458	-1.9912666175514e-05
0.065143927931786	-2.1052162992419e-05
0.065736144781113	-2.2230573449633e-05
0.066328361630440	-2.3490760213463e-05
0.066920578479767	-2.4819621103234e-05
0.067512795329094	-2.6194054953521e-05
0.068105012178421	-2.7637928724289e-05
0.068697229027748	-2.9172646463849e-05
0.069289453327656	-3.0784842238063e-05
0.069881670176983	-3.2474847103003e-05
0.070473887026310	-3.4253254852956e-05
0.071066103875637	-3.6107747291680e-05
0.071658320724964	-3.8029240386095e-05
0.072250537574291	-4.0031143726083e-05
0.072842754423618	-4.2141193262069e-05
0.073434971272945	-4.4384436478140e-05
0.074027188122272	-4.6758086682530e-05
0.074619404971600	-4.9237023631576e-05
0.075211621820927	-5.1816492486978e-05
0.075803838670254	-5.4511758207809e-05
0.076396062970161	-5.7316639868077e-05
0.076988279819489	-6.0227830545045e-05
0.077580496668816	-6.3280218455475e-05
0.078172713518143	-6.6500972025096e-05
0.078764930367470	-6.9874586188234e-05
0.079357147216797	-7.3397604865022e-05
0.079949364066124	-7.7092685387470e-05
0.080541580915451	-8.0949510447681e-05
0.081133797764778	-8.4947343566455e-05
0.081726014614105	-8.9109555119649e-05
0.082318231463432	-9.3463844677899e-05
0.082910455763340	-9.8004333267454e-05
0.083502672612667	-0.00010272429062752
0.084094889461994	-0.00010763670434244
0.084687106311321	-0.00011274744611001
0.085279323160648	-0.00011806441762019
0.085871540009975	-0.00012361266999505
0.086463756859303	-0.00012939366570208
0.087055973708630	-0.00013538570783567
0.087648190557957	-0.00014160473074298
0.088240407407284	-0.00014808920968790
0.088832624256611	-0.00015483981405850
0.089424848556519	-0.00016185022832360
0.090017065405846	-0.00016913638683036
0.090609282255173	-0.00017670472152531
0.091201499104500	-0.00018454139353707
0.091793715953827	-0.00019265193259344
0.092385932803154	-0.00020105730800424
0.092978149652481	-0.00020977111125831
0.093570366501808	-0.00021880365966354
0.094162583351135	-0.00022816770069767
0.094754800200462	-0.00023787171812728
0.095347017049789	-0.00024792831391096
0.095939241349697	-0.00025833607651293
0.096531458199024	-0.00026908691506833
0.097123675048351	-0.00028019063756801
0.097715891897678	-0.00029167596949264
0.098308108747005	-0.00030355088529177
0.098900325596333	-0.00031581099028699
0.099492542445660	-0.00032848404953256
0.10008475929499	-0.00034158938797191
0.10067697614431	-0.00035511187161319
0.10126919299364	-0.00036904367152601
0.10186140984297	-0.00038340681931004
0.10245363414288	-0.00039820524398237
0.10304585099220	-0.00041344715282321
0.10363806784153	-0.00042916927486658
0.10423028469086	-0.00044539419468492
0.10482250154018	-0.00046210191794671
0.10541471838951	-0.00047927501145750
0.10600693523884	-0.00049692281754687
0.10659915208817	-0.00051505607552826
0.10719136893749	-0.00053368974477053
0.10778358578682	-0.00055285100825131
0.10837580263615	-0.00057255459250882
0.10896802693605	-0.00059277948457748
0.10956024378538	-0.00061352661577985
0.11015246063471	-0.00063481158576906
0.11074467748404	-0.00065663282293826
0.11133689433336	-0.00067899620626122
0.11192911118269	-0.00070192228304222
0.11252132803202	-0.00072542007546872
0.11311354488134	-0.00074947858229280
0.11370576173067	-0.00077408930519596
0.11429797858000	-0.00079927314072847
0.11489019542933	-0.00082503480371088
0.11548241972923	-0.00085138011490926
0.11607463657856	-0.00087831134442240
0.11666685342789	-0.00090582750272006
0.11725907027721	-0.00093391968403012
0.11785128712654	-0.00096260325517505
0.11844350397587	-0.00099185877479613
0.11903572082520	-0.0010216892696917
0.11962793767452	-0.0010521174408495
0.12022015452385	-0.0010831230320036
0.12081237137318	-0.0011146831093356
0.12140458822250	-0.0011468238662928
0.12199681252241	-0.0011795564787462
0.12258902937174	-0.0012128591770306
0.12318124622107	-0.0012467073975131
0.12377346307039	-0.0012811089400202
0.12436567991972	-0.0013160565868020
0.12495789676905	-0.0013515540631488
0.12555012106895	-0.0013875819277018
0.12614233791828	-0.0014241560129449
0.12673455476761	-0.0014612500090152
0.12732677161694	-0.0014988300390542
0.12791898846626	-0.0015368798049167
0.12851120531559	-0.0015754099003971
0.12910342216492	-0.0016144085675478
0.12969563901424	-0.0016538768541068
0.13028785586357	-0.0016937990440056
0.13088007271290	-0.0017341489437968
0.13147228956223	-0.0017749031540006
0.13206450641155	-0.0018160555046052
0.13265672326088	-0.0018575816648081
0.13324894011021	-0.0018994550919160
0.13384115695953	-0.0019416670547798
0.13443337380886	-0.0019841992761940
0.13502559065819	-0.0020270401146263
0.13561780750751	-0.0020701622124761
0.13621002435684	-0.0021135481074452
0.13680224120617	-0.0021571528632194
0.13739445805550	-0.0022009660024196
0.13798667490482	-0.0022449716925621
0.13857890665531	-0.0022891263943166
0.13917112350464	-0.0023334093857557
0.13976334035397	-0.0023777920287102
0.14035555720329	-0.0024222673382610
0.14094777405262	-0.0024667971301824
0.14153999090195	-0.0025113623123616
0.14213220775127	-0.0025559123605490
0.14272442460060	-0.0026004151441157
0.14331664144993	-0.0026448327116668
0.14390885829926	-0.0026891748420894
0.14450107514858	-0.0027333954349160
0.14509329199791	-0.0027774546761066
0.14568550884724	-0.0028213055338711
0.14627772569656	-0.0028649440500885
0.14686994254589	-0.0029083120170981
0.14746215939522	-0.0029513908084482
0.14805437624454	-0.0029941436368972
0.14864659309387	-0.0030365453567356
0.14923880994320	-0.0030785570852458
0.14983102679253	-0.0031201508827507
0.15042324364185	-0.0031612836755812
0.15101546049118	-0.0032019279897213
0.15160767734051	-0.0032420260831714
0.15219990909100	-0.0032815800514072
0.15279212594032	-0.0033205328509212
0.15338434278965	-0.0033588770311326
0.15397655963898	-0.0033965550828725
0.15456877648830	-0.0034335330128670
0.15516099333763	-0.0034697786904871
0.15575321018696	-0.0035052788443863
0.15634542703629	-0.0035400080960244
0.15693764388561	-0.0035739080049098
0.15752986073494	-0.0036069543566555
0.15812207758427	-0.0036391359753907
0.15871429443359	-0.0036703937221318
0.15930651128292	-0.0037007182836533
0.15989872813225	-0.0037300956901163
0.16049094498158	-0.0037584735546261
0.16108316183090	-0.0037858157884330
0.16167537868023	-0.0038121163379401
0.16226759552956	-0.0038373698480427
0.16285981237888	-0.0038615330122411
0.16345202922821	-0.0038846051320434
0.16404424607754	-0.0039065335877240
0.16463646292686	-0.0039273118600249
0.16522869467735	-0.0039469064213336
0.16582091152668	-0.0039652977138758
0.16641312837601	-0.0039824745617807
0.16700534522533	-0.0039984444156289
0.16759756207466	-0.0040131881833076
0.16818977892399	-0.0040266886353493
0.16878199577332	-0.0040389387868345
0.16937421262264	-0.0040499027818441
0.16996642947197	-0.0040595834143460
0.17055864632130	-0.0040680025704205
0.17115086317062	-0.0040751327760518
0.17174308001995	-0.0040809703059494
0.17233529686928	-0.0040854904800653
0.17292751371861	-0.0040887100622058
0.17351973056793	-0.0040906150825322
0.17411194741726	-0.0040912707336247
0.17470416426659	-0.0040906420908868
0.17529638111591	-0.0040887240320444
0.17588859796524	-0.0040855580009520
0.17648081481457	-0.0040811160579324
0.17707303166389	-0.0040753693319857
0.17766524851322	-0.0040683941915631
0.17825748026371	-0.0040601920336485
0.17884969711304	-0.0040507647208869
0.17944191396236	-0.0040401257574558
0.18003413081169	-0.0040283398702741
0.18062634766102	-0.0040153549052775
0.18121856451035	-0.0040012430399656
0.18181078135967	-0.0039860010147095
0.18240299820900	-0.0039696749299765
0.18299521505833	-0.0039522536098957
0.18358743190765	-0.0039337826892734
0.18417964875698	-0.0039142724126577
0.18477186560631	-0.0038937819190323
0.18536408245564	-0.0038723056204617
0.18595629930496	-0.0038498882204294
0.18654851615429	-0.0038265588227659
0.18714073300362	-0.0038023449014872
0.18773294985294	-0.0037772930227220
0.18832516670227	-0.0037514509167522
0.18891738355160	-0.0037248278968036
0.18950960040092	-0.0036974616814405
0.19010181725025	-0.0036694197915494
0.19069403409958	-0.0036407052539289
0.19128626585007	-0.0036113529931754
0.19187848269939	-0.0035814098082483
0.19247069954872	-0.0035508957225829
0.19306291639805	-0.0035198789555579
0.19365513324738	-0.0034883895423263
0.19424735009670	-0.0034564689267427
0.19483956694603	-0.0034241427201778
0.19543178379536	-0.0033914621453732
0.19602400064468	-0.0033584628254175
0.19661621749401	-0.0033251938875765
0.19720843434334	-0.0032916956115514
0.19780065119267	-0.0032580113038421
0.19839286804199	-0.0032241644803435
0.19898508489132	-0.0031901856418699
0.19957730174065	-0.0031561153009534
0.20016951858997	-0.0031220300588757
0.20076173543930	-0.0030879222322255
0.20135395228863	-0.0030538621358573
0.20194616913795	-0.0030198900494725
0.20253838598728	-0.0029860243666917
0.20313060283661	-0.0029522855766118
0.20372281968594	-0.0029187477193773
0.20431503653526	-0.0028854324482381
0.20490726828575	-0.0028523630462587
0.20549948513508	-0.0028195676859468
0.20609170198441	-0.0027871062047780
0.20668391883373	-0.0027549997903407
0.20727613568306	-0.0027232577558607
0.20786835253239	-0.0026919015217572
0.20846056938171	-0.0026609774213284
0.20905278623104	-0.0026305078063160
0.20964500308037	-0.0026005324907601
0.21023721992970	-0.0025710749905556
0.21082943677902	-0.0025421450845897
0.21142165362835	-0.0025137637276202
0.21201387047768	-0.0024859667755663
0.21260608732700	-0.0024587663356215
0.21319830417633	-0.0024321663659066
0.21379052102566	-0.0024061955045909
0.21438273787498	-0.0023808609694242
0.21497495472431	-0.0023561909329146
0.21556717157364	-0.0023322156630456
0.21615938842297	-0.0023089339956641
0.21675160527229	-0.0022863480262458
0.21734382212162	-0.0022644549608231
0.21793605387211	-0.0022432587575167
0.21852827072144	-0.0022227745503187
0.21912048757076	-0.0022030265536159
0.21971270442009	-0.0021840045228601
0.22030492126942	-0.0021656907629222
0.22089713811874	-0.0021480983123183
0.22148935496807	-0.0021312474273145
0.22208157181740	-0.0021151285618544
0.22267378866673	-0.0020997242536396
0.22326600551605	-0.0020850407890975
0.22385822236538	-0.0020710732787848
0.22445043921471	-0.0020578114781529
0.22504265606403	-0.0020452209282666
0.22563487291336	-0.0020333288703114
0.22622708976269	-0.0020221397280693
0.22681930661201	-0.0020116192754358
0.22741152346134	-0.0020017540082335
0.22800374031067	-0.0019925294909626
0.22859595716000	-0.0019839203450829
0.22918817400932	-0.0019759002607316
0.22978039085865	-0.0019684892613441
0.23037260770798	-0.0019616603385657
0.23096483945847	-0.0019554102327675
0.23155705630779	-0.0019496940076351
0.23214927315712	-0.0019444942008704
0.23274149000645	-0.0019398070871830
0.23333370685577	-0.0019355990225449
0.23392592370510	-0.0019318636041135
0.23451814055443	-0.0019285747548565
0.23511035740376	-0.0019256982486695
0.23570257425308	-0.0019232162740082
0.23629479110241	-0.0019210978643969
0.23688700795174	-0.0019193424377590
0.23747922480106	-0.0019179126247764
0.23807144165039	-0.0019167809514329
0.23866365849972	-0.0019159374060109
0.23925587534904	-0.0019153390312567
0.23984809219837	-0.0019149559084326
0.24044030904770	-0.0019147717393935
0.24103252589703	-0.0019147798884660
0.24162474274635	-0.0019149513682351
0.24221695959568	-0.0019152550958097
0.24280917644501	-0.0019156588241458
0.24340139329433	-0.0019161368254572
0.24399362504482	-0.0019166532438248
0.24458584189415	-0.0019171861931682
0.24517805874348	-0.0019177318317816
0.24577027559280	-0.0019182681571692
0.24636249244213	-0.0019187678117305
0.24695470929146	-0.0019191798055544
0.24754692614079	-0.0019195090280846
0.24813914299011	-0.0019197489600629
0.24873135983944	-0.0019198454683647
0.24932357668877	-0.0019197794608772
0.24991579353809	-0.0019195311469957
0.25050801038742	-0.0019190791063011
0.25110024213791	-0.0019184073898941
0.25169244408607	-0.0019174893386662
0.25228467583656	-0.0019163247197866
0.25287687778473	-0.0019148925784975
0.25346910953522	-0.0019131668377668
0.25406131148338	-0.0019111254950985
0.25465354323387	-0.0019087424734607
0.25524574518204	-0.0019060213817284
0.25583797693253	-0.0019029494142160
0.25643017888069	-0.0018995020072907
0.25702241063118	-0.0018956729909405
0.25761461257935	-0.0018914412939921
0.25820684432983	-0.0018867850303650
0.25879904627800	-0.0018817113013938
0.25939127802849	-0.0018762104446068
0.25998347997665	-0.0018702619709074
0.26057571172714	-0.0018638628534973
0.26116791367531	-0.0018570114625618
0.26176014542580	-0.0018496962729841
0.26235234737396	-0.0018418937688693
0.26294457912445	-0.0018336195498705
0.26353678107262	-0.0018248857231811
0.26412901282310	-0.0018156478181481
0.26472124457359	-0.0018059061840177
0.26531344652176	-0.0017956787487492
0.26590567827225	-0.0017849614378065
0.26649788022041	-0.0017737542511895
0.26709011197090	-0.0017620516009629
0.26768231391907	-0.0017498636152595
0.26827454566956	-0.0017371851718053
0.26886674761772	-0.0017240078886971
0.26945897936821	-0.0017103656427935
0.27005118131638	-0.0016962684458122
0.27064341306686	-0.0016816902207211
0.27123561501503	-0.0016666353913024
0.27182784676552	-0.0016511159483343
0.27242004871368	-0.0016351495869458
0.27301228046417	-0.0016187491128221
0.27360448241234	-0.0016019085887820
0.27419671416283	-0.0015846471069381
0.27478891611099	-0.0015669701388106
0.27538114786148	-0.0015488895587623
0.27597334980965	-0.0015304312109947
0.27656558156013	-0.0015115919522941
0.27715781331062	-0.0014923928538337
0.27775001525879	-0.0014728346141055
0.27834224700928	-0.0014529211912304
0.27893444895744	-0.0014326949603856
0.27952668070793	-0.0014121584827080
0.28011888265610	-0.0013913151342422
0.28071111440659	-0.0013701939024031
0.28130331635475	-0.0013488170225173
0.28189554810524	-0.0013271959032863
0.28248775005341	-0.0013053356669843
0.28307998180389	-0.0012832607608289
0.28367218375206	-0.0012609958648682
0.28426441550255	-0.0012385409791023
0.28485661745071	-0.0012159181060269
0.28544884920120	-0.0011931608896703
0.28604105114937	-0.0011702704941854
0.28663328289986	-0.0011472628684714
0.28722548484802	-0.0011241679312661
0.28781771659851	-0.0011010003509000
0.28840991854668	-0.0010777714196593
0.28900215029716	-0.0010545003460720
0.28959435224533	-0.0010312278755009
0.29018658399582	-0.0010079607600346
0.29077881574631	-0.00098469166550785
0.29137101769447	-0.00096145551651716
0.29196324944496	-0.00093827489763498
0.29255545139313	-0.00091515696840361
0.29314768314362	-0.00089211796876043
0.29373988509178	-0.00086918694432825
0.29433211684227	-0.00084638694534078
0.29492431879044	-0.00082371744792908
0.29551655054092	-0.00080119870835915
0.29610875248909	-0.00077886169310659
0.29670098423958	-0.00075670913793147
0.29729318618774	-0.00073475204408169
0.29788541793823	-0.00071301037678495
0.29847761988640	-0.00069149053888395
0.29906985163689	-0.00067021913127974
0.29966205358505	-0.00064920185832307
0.30025428533554	-0.00062843761406839
0.30084648728371	-0.00060796650359407
0.30143871903419	-0.00058779923710972
0.30203092098236	-0.00056793936528265
0.30262315273285	-0.00054839649237692
0.30321535468102	-0.00052917574066669
0.30380758643150	-0.00051029492169619
0.30439981818199	-0.00049175659660250
0.30499202013016	-0.00047358416486531
0.30558425188065	-0.00045578199205920
0.30617645382881	-0.00043833622476086
0.30676868557930	-0.00042127503547817
0.30736088752747	-0.00040460124728270
0.30795311927795	-0.00038831360870972
0.30854532122612	-0.00037243484985083
0.30913755297661	-0.00035696726990864
0.30972975492477	-0.00034190743463114
0.31032198667526	-0.00032724643824622
0.31091418862343	-0.00031298919930123
0.31150642037392	-0.00029916741186753
0.31209862232208	-0.00028577769990079
0.31269085407257	-0.00027280178619549
0.31328305602074	-0.00026024485123344
0.31387528777122	-0.00024810287868604
0.31446748971939	-0.00023638046695851
0.31505972146988	-0.00022507811081596
0.31565192341805	-0.00021419842960313
0.31624415516853	-0.00020375491294544
0.31683638691902	-0.00019372226961423
0.31742858886719	-0.00018409371841699
0.31802082061768	-0.00017487637524027
0.31861302256584	-0.00016606018471066
0.31920525431633	-0.00015765590069350
0.31979745626450	-0.00014965276932344
0.32038968801498	-0.00014203105820343
0.32098188996315	-0.00013479555491358
0.32157412171364	-0.00012794093345292
0.32216632366180	-0.00012145536311436
0.32275855541229	-0.00011534106306499
0.32335075736046	-0.00010959284554701
0.32394298911095	-0.00010419254977023
0.32453519105911	-9.9131299066357e-05
0.32512742280960	-9.4412316684611e-05
0.32571962475777	-9.0030487626791e-05
0.32631185650826	-8.5956002294552e-05
0.32690405845642	-8.2188664237037e-05
0.32749629020691	-7.8736477007624e-05
0.32808849215508	-7.5573851063382e-05
0.32868072390556	-7.2698014264461e-05
0.32927292585373	-7.0093570684548e-05
0.32986515760422	-6.7742374085356e-05
0.33045738935471	-6.5645785070956e-05
0.33104959130287	-6.3787680119276e-05
0.33164182305336	-6.2169456214178e-05
0.33223402500153	-6.0784142988268e-05
0.33282625675201	-5.9614689234877e-05
0.33341845870018	-5.8653669839259e-05
0.33401069045067	-5.7879555242835e-05
0.33460289239883	-5.7287397794425e-05
0.33519512414932	-5.6875702284742e-05
0.33578732609749	-5.6625434808666e-05
0.33637955784798	-5.6522192608099e-05
0.33697175979614	-5.6554963521194e-05
0.33756399154663	-5.6724427849986e-05
0.33815619349480	-5.7027860748349e-05
0.33874842524529	-5.7440120144747e-05
0.33934062719345	-5.7953897339758e-05
0.33993285894394	-5.8561803598423e-05
0.34052506089211	-5.9254161897115e-05
0.34111729264259	-6.0041766118957e-05
0.34170949459076	-6.0896843933733e-05
0.34230172634125	-6.1799801187590e-05
0.34289395809174	-6.2756400438957e-05
0.34348616003990	-6.3747829699423e-05
0.34407839179039	-6.4769214077387e-05
0.34467059373856	-6.5819265728351e-05
0.34526282548904	-6.6898333898280e-05
0.34585502743721	-6.7991662945133e-05
0.34644725918770	-6.9077592343092e-05
0.34703946113586	-7.0173133281060e-05
0.34763169288635	-7.1269314503297e-05
0.34822389483452	-7.2341856139246e-05
0.34881612658501	-7.3394949140493e-05
0.34940832853317	-7.4425406637602e-05
0.35000056028366	-7.5426905823406e-05
0.35059276223183	-7.6396696385927e-05
0.35118499398232	-7.7320844866335e-05
0.35177719593048	-7.8194781963248e-05
0.35236942768097	-7.9025208833627e-05
0.35296162962914	-7.9808232840151e-05
0.35355386137962	-8.0542071373202e-05
0.35414606332779	-8.1214879173785e-05
0.35473829507828	-8.1820347986650e-05
0.35533049702644	-8.2364596892148e-05
0.35592272877693	-8.2841914263554e-05
0.35651496052742	-8.3262020780239e-05
0.35710716247559	-8.3615937910508e-05
0.35769939422607	-8.3890517998952e-05
0.35829159617424	-8.4096289356239e-05
0.35888382792473	-8.4222883742768e-05
0.35947602987289	-8.4270788647700e-05
0.36006826162338	-8.4244216850493e-05
0.36066046357155	-8.4143823187333e-05
0.36125269532204	-8.3982129581273e-05
0.36184489727020	-8.3743951108772e-05
0.36243712902069	-8.3425897173584e-05
0.36302933096886	-8.3048529631924e-05
0.36362156271935	-8.2593949628063e-05
0.36421376466751	-8.2051905337721e-05
0.36480599641800	-8.1444457464386e-05
0.36539819836617	-8.0772231740411e-05
0.36599043011665	-8.0033220001496e-05
0.36658263206482	-7.9228273534682e-05
0.36717486381531	-7.8365235822275e-05
0.36776706576347	-7.7445823990274e-05
0.36835929751396	-7.6452415669337e-05
0.36895149946213	-7.5404946983326e-05
0.36954373121262	-7.4305906309746e-05
0.37013596296310	-7.3145536589436e-05
0.37072816491127	-7.1947506512515e-05
0.37132039666176	-7.0705376856495e-05
0.37191259860992	-6.9418136263266e-05
0.37250483036041	-6.8092776928097e-05
0.37309703230858	-6.6723412601277e-05
0.37368926405907	-6.5316642576363e-05
0.37428146600723	-6.3880361267366e-05
0.37487369775772	-6.2426181102637e-05
0.37546589970589	-6.0946546000196e-05
0.37605813145638	-5.9431731642690e-05
0.37665033340454	-5.7899706007447e-05
0.37724256515503	-5.6358472647844e-05
0.37783476710320	-5.4802338127047e-05
0.37842699885368	-5.3236246458255e-05
0.37901920080185	-5.1661900215549e-05
0.37961143255234	-5.0076541810995e-05
0.38020363450050	-4.8488753236597e-05
0.38079586625099	-4.6908389776945e-05
0.38138806819916	-4.5342283556238e-05
0.38198029994965	-4.3779724364867e-05
0.38257253170013	-4.2223957279930e-05
0.38316473364830	-4.0694885683479e-05
0.38375696539879	-3.9174585253932e-05
0.38434916734695	-3.7660152884200e-05
0.38494139909744	-3.6165663914289e-05
0.38553360104561	-3.4690379834501e-05
0.38612583279610	-3.3242587960558e-05
0.38671803474426	-3.1825624319026e-05
0.38731026649475	-3.0443976356764e-05
0.38790246844292	-2.9090877433191e-05
0.38849470019341	-2.7756843337556e-05
0.38908690214157	-2.6461595552973e-05
0.38967913389206	-2.5208966690116e-05
0.39027133584023	-2.3986727683223e-05
0.39086356759071	-2.2806261767983e-05
0.39145576953888	-2.1665684471373e-05
0.39204800128937	-2.0556797608151e-05
0.39264020323753	-1.9489818441798e-05
0.39323243498802	-1.8458025806467e-05
0.39382463693619	-1.7471158571425e-05
0.39441686868668	-1.6535524991923e-05
0.39500907063484	-1.5635878298781e-05
0.39560130238533	-1.4783282495046e-05
0.39619353413582	-1.3977419257571e-05
0.39678573608398	-1.3223499081505e-05
0.39737796783447	-1.2514943591668e-05
0.39797016978264	-1.1831577467092e-05
0.39856240153313	-1.1199146683794e-05
0.39915460348129	-1.0618168744259e-05
0.39974683523178	-1.0076194485009e-05
0.40033903717995	-9.5793657237664e-06
0.40093126893044	-9.1249321485520e-06
0.40152347087860	-8.7181497292477e-06
0.40211570262909	-8.3504692156566e-06
0.40270790457726	-8.0197396528092e-06
0.40330013632774	-7.7364138633129e-06
0.40389233827591	-7.4898607635987e-06
0.40448457002640	-7.2825823735911e-06
0.40507677197456	-7.1223189479497e-06
0.40566900372505	-6.9938319029461e-06
0.40626120567322	-6.8991271291452e-06
0.40685343742371	-6.8453218773357e-06
0.40744563937187	-6.8239123720559e-06
0.40803787112236	-6.8307476794871e-06
0.40863007307053	-6.8602535066020e-06
0.40922230482101	-6.9249017542461e-06
0.40981453657150	-7.0239948399831e-06
0.41040673851967	-7.1433469202020e-06
0.41099897027016	-7.2955022005772e-06
0.41159117221832	-7.4700010372908e-06
0.41218340396881	-7.6635187724605e-06
0.41277560591698	-7.8891916928114e-06
0.41336783766747	-8.1350290201954e-06
0.41396003961563	-8.3960148913320e-06
0.41455227136612	-8.6670415839762e-06
0.41514447331429	-8.9433597167954e-06
0.41573670506477	-9.2352984211175e-06
0.41632890701294	-9.5472942120978e-06
0.41692113876343	-9.8723558039637e-06
0.41751334071159	-1.0204003046965e-05
0.41810557246208	-1.0540366019995e-05
0.41869777441025	-1.0886064046645e-05
0.41929000616074	-1.1234285011597e-05
0.41988220810890	-1.1577654731809e-05
0.42047443985939	-1.1937137060158e-05
0.42106664180756	-1.2301733477216e-05
0.42165887355804	-1.2652469195018e-05
0.42225110530853	-1.3003957974433e-05
0.42284330725670	-1.3355647752178e-05
0.42343553900719	-1.3706828212889e-05
0.42402774095535	-1.4044776435185e-05
0.42461997270584	-1.4368351003213e-05
0.42521217465401	-1.4694834135298e-05
0.42580440640450	-1.5014708878880e-05
0.42639660835266	-1.5333233022830e-05
0.42698884010315	-1.5646199244657e-05
0.42758104205132	-1.5937710486469e-05
0.42817327380180	-1.6214562492678e-05
0.42876547574997	-1.6477881217725e-05
0.42935770750046	-1.6737832993385e-05
0.42994990944862	-1.6994643374346e-05
0.43054214119911	-1.7229096556548e-05
0.43113434314728	-1.7447779100621e-05
0.43172657489777	-1.7652131646173e-05
0.43231877684593	-1.7833439414972e-05
0.43291100859642	-1.8003780496656e-05
0.43350321054459	-1.8161219486501e-05
0.43409544229507	-1.8304708646610e-05
0.43468764424324	-1.8434287994751e-05
0.43527987599373	-1.8542123143561e-05
0.43587210774422	-1.8640665075509e-05
0.43646430969238	-1.8717759303399e-05
0.43705654144287	-1.8773373085423e-05
0.43764874339104	-1.8822733181878e-05
0.43824097514153	-1.8848129911930e-05
0.43883317708969	-1.8855378584703e-05
0.43942540884018	-1.8844802980311e-05
0.44001761078835	-1.8816703232005e-05
0.44060984253883	-1.8784074200084e-05
0.44120204448700	-1.8725726476987e-05
0.44179427623749	-1.8645430827746e-05
0.44238647818565	-1.8565335267340e-05
0.44297870993614	-1.8472277588444e-05
0.44357091188431	-1.8353062841925e-05
0.44416314363480	-1.8215063391835e-05
0.44475534558296	-1.8068298231810e-05
0.44534757733345	-1.7915186617756e-05
0.44593977928162	-1.7744900105754e-05
0.44653201103210	-1.7559221305419e-05
0.44712421298027	-1.7368876797264e-05
0.44771644473076	-1.7164475138998e-05
0.44830864667892	-1.6955600585788e-05
0.44890087842941	-1.6742178559070e-05
0.44949311017990	-1.6509426131961e-05
0.45008531212807	-1.6267951650661e-05
0.45067754387856	-1.6014031643863e-05
0.45126974582672	-1.5755773347337e-05
0.45186197757721	-1.5500423614867e-05
0.45245417952538	-1.5236478247971e-05
0.45304641127586	-1.4972177268646e-05
0.45363861322403	-1.4703320630360e-05
0.45423084497452	-1.4426044799620e-05
0.45482304692268	-1.4146383364277e-05
0.45541527867317	-1.3863882486476e-05
0.45600748062134	-1.3585115084425e-05
0.45659971237183	-1.3302869774634e-05
0.45719191431999	-1.3011289411224e-05
0.45778414607048	-1.2724930456898e-05
0.45837634801865	-1.2439125384844e-05
0.45896857976913	-1.2149964277341e-05
0.45956078171730	-1.1866839486174e-05
0.46015301346779	-1.1584417734412e-05
0.46074521541595	-1.1307400200167e-05
0.46133744716644	-1.1028128028556e-05
0.46192967891693	-1.0749947250588e-05
0.46252188086510	-1.0494926755200e-05
0.46311411261559	-1.0235699846817e-05
0.46370631456375	-9.9713788586087e-06
0.46429854631424	-9.7209813247900e-06
0.46489074826241	-9.4717879619566e-06
0.46548298001289	-9.2220388978603e-06
0.46607518196106	-8.9724135250435e-06
0.46666741371155	-8.7398639152525e-06
0.46725961565971	-8.5224028225639e-06
0.46785184741020	-8.3006334534730e-06
0.46844404935837	-8.0895179053186e-06
0.46903628110886	-7.8905013651820e-06
0.46962848305702	-7.6951428127359e-06
0.47022071480751	-7.5091497819813e-06
0.47081291675568	-7.3326527854078e-06
0.47140514850616	-7.1646954893367e-06
0.47199735045433	-7.0022638283262e-06
0.47258958220482	-6.8407193793973e-06
0.47318178415298	-6.6909392444359e-06
0.47377401590347	-6.5544536482776e-06
0.47436621785164	-6.4241758082062e-06
0.47495844960213	-6.3091292759054e-06
0.47555068135262	-6.2024241742620e-06
0.47614288330078	-6.1029618336761e-06
0.47673511505127	-6.0110933191027e-06
0.47732731699944	-5.9148646869289e-06
0.47791954874992	-5.8290816014051e-06
0.47851175069809	-5.7591842050897e-06
0.47910398244858	-5.7026040849451e-06
0.47969618439674	-5.6563667385490e-06
0.48028841614723	-5.6091225815180e-06
0.48088061809540	-5.5659975259914e-06
0.48147284984589	-5.5251471167139e-06
0.48206505179405	-5.4920601542108e-06
0.48265728354454	-5.4778088269813e-06
0.48324948549271	-5.4634251682728e-06
0.48384171724319	-5.4496899792866e-06
0.48443391919136	-5.4564043239225e-06
0.48502615094185	-5.4643287512590e-06
0.48561835289001	-5.4641777751385e-06
0.48621058464050	-5.4736842685088e-06
0.48680278658867	-5.4950278354227e-06
0.48739501833916	-5.5213504310814e-06
0.48798725008965	-5.5416385293938e-06
0.48857945203781	-5.5737900765962e-06
0.48917168378830	-5.6193589443865e-06
0.48976388573647	-5.6541875892435e-06
0.49035611748695	-5.6997932915692e-06
0.49094831943512	-5.7526290220267e-06
0.49154055118561	-5.8018622439704e-06
0.49213275313377	-5.8541181715555e-06
0.49272498488426	-5.9003973547078e-06
0.49331718683243	-5.9603867157421e-06
0.49390941858292	-6.0262354963925e-06
0.49450162053108	-6.0809502429038e-06
0.49509385228157	-6.1434616327460e-06
0.49568605422974	-6.2059011725069e-06
0.49627828598022	-6.2626181716041e-06
0.49687048792839	-6.3246143326978e-06
0.49746271967888	-6.3874645093165e-06
0.49805492162704	-6.4485084294574e-06
0.49864715337753	-6.5092553995783e-06
0.49923935532570	-6.5725198510336e-06
0.49983158707619	-6.6375514506944e-06
0.50042378902435	-6.6890129346575e-06
0.50101602077484	-6.7346718424233e-06
0.50160825252533	-6.7868672886107e-06
0.50220048427582	-6.8340596044436e-06
0.50279265642166	-6.8803728936473e-06
0.50338488817215	-6.9229204200383e-06
0.50397711992264	-6.9632055783586e-06
0.50456935167313	-7.0071246227599e-06
0.50516152381897	-7.0399596552306e-06
0.50575375556946	-7.0728274295107e-06
0.50634598731995	-7.1084809860622e-06
0.50693821907043	-7.1325430326397e-06
0.50753039121628	-7.1530462264491e-06
0.50812262296677	-7.1772064984543e-06
0.50871485471725	-7.2012071541394e-06
0.50930708646774	-7.2127786552301e-06
0.50989925861359	-7.2121615630749e-06
0.51049149036407	-7.2202587944048e-06
0.51108372211456	-7.2350317168457e-06
0.51167595386505	-7.2363168328593e-06
0.51226812601089	-7.2352440838586e-06
0.51286035776138	-7.2361690399703e-06
0.51345258951187	-7.2279535743291e-06
0.51404482126236	-7.2171596912085e-06
0.51463705301285	-7.2028942668112e-06
0.51522922515869	-7.1926583586901e-06
0.51582145690918	-7.1809990913607e-06
0.51641368865967	-7.1582321652386e-06
0.51700592041016	-7.1378540269507e-06
0.51759809255600	-7.1105191636889e-06
0.51819032430649	-7.0765290729469e-06
0.51878255605698	-7.0392438829003e-06
0.51937478780746	-6.9989018811611e-06
0.51996695995331	-6.9661550696765e-06
0.52055919170380	-6.9269703999453e-06
0.52115142345428	-6.8860745159327e-06
0.52174365520477	-6.8500085035339e-06
0.52233582735062	-6.8028875830350e-06
0.52292805910110	-6.7489672801457e-06
0.52352029085159	-6.6886204876937e-06
0.52411252260208	-6.6212401179655e-06
0.52470469474792	-6.5578592511883e-06
0.52529692649841	-6.4969431150530e-06
0.52588915824890	-6.4411560742883e-06
0.52648138999939	-6.3833945205261e-06
0.52707356214523	-6.3081220105232e-06
0.52766579389572	-6.2376348068938e-06
0.52825802564621	-6.1773844208801e-06
0.52885025739670	-6.1099599406589e-06
0.52944248914719	-6.0358042901498e-06
0.53003466129303	-5.9565604715317e-06
0.53062689304352	-5.8856398936769e-06
0.53121912479401	-5.8120544963458e-06
0.53181135654449	-5.7290053518955e-06
0.53240352869034	-5.6564254009572e-06
0.53299576044083	-5.5825130402809e-06
0.53358799219131	-5.5066761888156e-06
0.53418022394180	-5.4366591939470e-06
0.53477239608765	-5.3708281484433e-06
0.53536462783813	-5.3108806241653e-06
0.53595685958862	-5.2419200073928e-06
0.53654909133911	-5.1665788305399e-06
0.53714126348495	-5.0970934353245e-06
0.53773349523544	-5.0224275582877e-06
0.53832572698593	-4.9471718739369e-06
0.53891795873642	-4.8892929953581e-06
0.53951013088226	-4.8356646402681e-06
0.54010236263275	-4.7748667384440e-06
0.54069459438324	-4.7098174036364e-06
0.54128682613373	-4.6450481931970e-06
0.54187905788422	-4.5916463022877e-06
0.54247123003006	-4.5384722398012e-06
0.54306346178055	-4.4858825276606e-06
0.54365569353104	-4.4367952796165e-06
0.54424792528152	-4.3828213165398e-06
0.54484009742737	-4.3387017285568e-06
0.54543232917786	-4.2945002860506e-06
0.54602456092834	-4.2447163650650e-06
0.54661679267883	-4.2012638914457e-06
0.54720896482468	-4.1570870052965e-06
0.54780119657516	-4.1160410546581e-06
0.54839342832565	-4.0761192394712e-06
0.54898566007614	-4.0393565541308e-06
0.54957783222198	-4.0167333281715e-06
0.55017006397247	-3.9938963709574e-06
0.55076229572296	-3.9646124605497e-06
0.55135452747345	-3.9331994230452e-06
0.55194669961929	-3.8971061258053e-06
0.55253893136978	-3.8711768866051e-06
0.55313116312027	-3.8524149204022e-06
0.55372339487076	-3.8319212762872e-06
0.55431562662125	-3.8277235034911e-06
0.55490779876709	-3.8232037695707e-06
0.55550003051758	-3.8044161101425e-06
0.55609226226807	-3.7851962133573e-06
0.55668449401855	-3.7726454138465e-06
0.55727666616440	-3.7702582176280e-06
0.55786889791489	-3.7584213714581e-06
0.55846112966537	-3.7444831377798e-06
0.55905336141586	-3.7428103496495e-06
0.55964553356171	-3.7393392631202e-06
0.56023776531219	-3.7403592614282e-06
0.56082999706268	-3.7433617308125e-06
0.56142222881317	-3.7453608001670e-06
0.56201440095901	-3.7500926737266e-06
0.56260663270950	-3.7505940326810e-06
0.56319886445999	-3.7521090234804e-06
0.56379109621048	-3.7580823573080e-06
0.56438326835632	-3.7628697100445e-06
0.56497550010681	-3.7639908896381e-06
0.56556773185730	-3.7648972011084e-06
0.56615996360779	-3.7699062431784e-06
0.56675213575363	-3.7784845972055e-06
0.56734436750412	-3.7839026845177e-06
0.56793659925461	-3.7898153095739e-06
0.56852883100510	-3.8003051940905e-06
0.56912106275558	-3.8084967854957e-06
0.56971323490143	-3.8194662010937e-06
0.57030546665192	-3.8310549825837e-06
0.57089769840240	-3.8449447856692e-06
0.57148993015289	-3.8622788451903e-06
0.57208210229874	-3.8726316233806e-06
0.57267433404922	-3.8840348679514e-06
0.57326656579971	-3.8881780710653e-06
0.57385879755020	-3.8852476791362e-06
0.57445096969604	-3.8959192352195e-06
0.57504320144653	-3.9124065551732e-06
0.57563543319702	-3.9288411244343e-06
0.57622766494751	-3.9452070268453e-06
0.57681983709335	-3.9574952097610e-06
0.57741206884384	-3.9682718124823e-06
0.57800430059433	-3.9728720366838e-06
0.57859653234482	-3.9784399632481e-06
0.57918870449066	-3.9938918234839e-06
0.57978093624115	-3.9983247006603e-06
0.58037316799164	-4.0008753785514e-06
0.58096539974213	-4.0177437767852e-06
0.58155763149261	-4.0255104067910e-06
0.58214980363846	-4.0263389564643e-06
0.58274203538895	-4.0222221286967e-06
0.58333426713943	-4.0198351598519e-06
0.58392649888992	-4.0314007492270e-06
0.58451867103577	-4.0344020817429e-06
0.58511090278625	-4.0346335481445e-06
0.58570313453674	-4.0347676986130e-06
0.58629536628723	-4.0287554838869e-06
0.58688753843307	-4.0252734834212e-06
0.58747977018356	-4.0151658140530e-06
0.58807200193405	-4.0097747842083e-06
0.58866423368454	-4.0085910768539e-06
0.58925640583038	-3.9968990677153e-06
0.58984863758087	-3.9887554521556e-06
0.59044086933136	-3.9849069253250e-06
0.59103310108185	-3.9754754652677e-06
0.59162527322769	-3.9612746149942e-06
0.59221750497818	-3.9464925976063e-06
0.59280973672867	-3.9384190131386e-06
0.59340196847916	-3.9310780266533e-06
0.59399420022964	-3.9169922274596e-06
0.59458637237549	-3.9067190300557e-06
0.59517860412598	-3.8915477489354e-06
0.59577083587646	-3.8689468055964e-06
0.59636306762695	-3.8588677853113e-06
0.59695523977280	-3.8518978726643e-06
0.59754747152328	-3.8369653339032e-06
0.59813970327377	-3.8175903682713e-06
0.59873193502426	-3.8027571918064e-06
0.59932410717010	-3.7890340536251e-06
0.59991633892059	-3.7632878502336e-06
0.60050857067108	-3.7459521990968e-06
0.60110080242157	-3.7396657717181e-06
0.60169297456741	-3.7253155369399e-06
0.60228520631790	-3.7072518352943e-06
0.60287743806839	-3.6861749777017e-06
0.60346966981888	-3.6612109397538e-06
0.60406184196472	-3.6373276088852e-06
0.60465407371521	-3.6152107441012e-06
0.60524630546570	-3.6009505492984e-06
0.60583853721619	-3.5891459901904e-06
0.60643070936203	-3.5625489545055e-06
0.60702294111252	-3.5394505175645e-06
0.60761517286301	-3.5310163184477e-06
0.60820740461349	-3.5212224247516e-06
0.60879963636398	-3.5060691061517e-06
0.60939180850983	-3.4756426430249e-06
0.60998404026031	-3.4453446460248e-06
0.61057627201080	-3.4245269944222e-06
0.61116850376129	-3.4001957374130e-06
0.61176067590714	-3.3837668524939e-06
0.61235290765762	-3.3693218028930e-06
0.61294513940811	-3.3550418265804e-06
0.61353737115860	-3.3413191431464e-06
0.61412954330444	-3.3220055684069e-06
0.61472177505493	-3.3107764920715e-06
0.61531400680542	-3.2962609566312e-06
0.61590623855591	-3.2740288133937e-06
0.61649841070175	-3.2577247566223e-06
0.61709064245224	-3.2389298212365e-06
0.61768287420273	-3.2171471957554e-06
0.61827510595322	-3.1996273719415e-06
0.61886727809906	-3.1856732221058e-06
0.61945950984955	-3.1724396194477e-06
0.62005174160004	-3.1566860343446e-06
0.62064397335052	-3.1508868687524e-06
0.62123620510101	-3.1485169529333e-06
0.62182837724686	-3.1242991553881e-06
0.62242060899734	-3.1031131584314e-06
0.62301284074783	-3.0938367672206e-06
0.62360507249832	-3.0743922252441e-06
0.62419724464417	-3.0548817449016e-06
0.62478947639465	-3.0395460726140e-06
0.62538170814514	-3.0322833026730e-06
0.62597393989563	-3.0242076718423e-06
0.62656611204147	-3.0086555398157e-06
0.62715834379196	-3.0040162073419e-06
0.62775057554245	-2.9968362014188e-06
0.62834280729294	-2.9818897928635e-06
0.62893497943878	-2.9682262265851e-06
0.62952721118927	-2.9541936328314e-06
0.63011944293976	-2.9501925382647e-06
0.63071167469025	-2.9458567496476e-06
0.63130384683609	-2.9284003630892e-06
0.63189607858658	-2.9190682653280e-06
0.63248831033707	-2.9197888125054e-06
0.63308054208755	-2.9125167202437e-06
0.63367277383804	-2.9065477065160e-06
0.63426494598389	-2.9067336981825e-06
0.63485717773438	-2.9113414257154e-06
0.63544940948486	-2.9128846108506e-06
0.63604164123535	-2.9031562007731e-06
0.63663381338120	-2.9013299354119e-06
0.63722604513168	-2.8959559585928e-06
0.63781827688217	-2.8832162115577e-06
0.63841050863266	-2.8848787678726e-06
0.63900268077850	-2.8860324619018e-06
0.63959491252899	-2.8841111543443e-06
0.64018714427948	-2.8834895147156e-06
0.64077937602997	-2.8813210519729e-06
0.64137154817581	-2.8770516564691e-06
0.64196377992630	-2.8652141281782e-06
0.64255601167679	-2.8606393698283e-06
0.64314824342728	-2.8639221909543e-06
0.64374041557312	-2.8613710583159e-06
0.64433264732361	-2.8607769309019e-06
0.64492487907410	-2.8581969218067e-06
0.64551711082458	-2.8451213438530e-06
0.64610928297043	-2.8335082333797e-06
0.64670151472092	-2.8281285722187e-06
0.64729374647141	-2.8276335797273e-06
0.64788597822189	-2.8238264349056e-06
0.64847820997238	-2.8151716833236e-06
0.64907038211823	-2.8152487629995e-06
0.64966261386871	-2.8103877411922e-06
0.65025484561920	-2.8025031042489e-06
0.65084707736969	-2.8001106784359e-06
0.65143924951553	-2.7942073757004e-06
0.65203148126602	-2.7975438570138e-06
0.65262371301651	-2.7965550088993e-06
0.65321594476700	-2.7893602236873e-06
0.65380811691284	-2.7940511699853e-06
0.65440034866333	-2.7971702820651e-06
0.65499258041382	-2.7968685571977e-06
0.65558481216431	-2.7911669349123e-06
0.65617698431015	-2.7876642434421e-06
0.65676921606064	-2.7958869850409e-06
0.65736144781113	-2.7943547138420e-06
0.65795367956161	-2.7877315460501e-06
0.65854585170746	-2.7926146231039e-06
0.65913808345795	-2.7939154279011e-06
0.65973031520844	-2.7925998438150e-06
0.66032254695892	-2.8002839371766e-06
0.66091477870941	-2.8033155103913e-06
0.66150695085526	-2.8003721581626e-06
0.66209918260574	-2.7932007924392e-06
0.66269141435623	-2.7832643354486e-06
0.66328364610672	-2.7793475965154e-06
0.66387581825256	-2.7750704703067e-06
0.66446805000305	-2.7759713248088e-06
0.66506028175354	-2.7728394798032e-06
0.66565251350403	-2.7580301775743e-06
0.66624468564987	-2.7508083348948e-06
0.66683691740036	-2.7433222840045e-06
0.66742914915085	-2.7342452995072e-06
0.66802138090134	-2.7294577193970e-06
0.66861355304718	-2.7202054297959e-06
0.66920578479767	-2.7087658054370e-06
0.66979801654816	-2.6950449409924e-06
0.67039024829865	-2.6815771434485e-06
0.67098242044449	-2.6729312594398e-06
0.67157465219498	-2.6658440219762e-06
0.67216688394547	-2.6639720545063e-06
0.67275911569595	-2.6571715352475e-06
0.67335134744644	-2.6384295779280e-06
0.67394351959229	-2.6314251044823e-06
0.67453575134277	-2.6244408672937e-06
0.67512798309326	-2.6062737106258e-06
0.67572021484375	-2.6007151063823e-06
0.67631238698959	-2.5983858904510e-06
0.67690461874008	-2.5930178253475e-06
0.67749685049057	-2.5842787181318e-06
0.67808908224106	-2.5787073809624e-06
0.67868125438690	-2.5845574782579e-06
0.67927348613739	-2.5747322069947e-06
0.67986571788788	-2.5592698875698e-06
0.68045794963837	-2.5510823888908e-06
0.68105012178421	-2.5409522095288e-06
0.68164235353470	-2.5372492018505e-06
0.68223458528519	-2.5298284072051e-06
0.68282681703568	-2.5218923838111e-06
0.68341898918152	-2.5208435090462e-06
0.68401122093201	-2.5162980819005e-06
0.68460345268250	-2.5127717435680e-06
0.68519568443298	-2.5057731818379e-06
0.68578791618347	-2.4923397177190e-06
0.68638008832932	-2.4851167381712e-06
0.68697232007980	-2.4748346731940e-06
0.68756455183029	-2.4610408217995e-06
0.68815678358078	-2.4570183541073e-06
0.68874895572662	-2.4442094854749e-06
0.68934118747711	-2.4252790353785e-06
0.68993341922760	-2.4194278012146e-06
0.69052565097809	-2.4181365461118e-06
0.69111782312393	-2.4114333427860e-06
0.69171005487442	-2.3951674847922e-06
0.69230228662491	-2.3862357920734e-06
0.69289451837540	-2.3872419205873e-06
0.69348669052124	-2.3805773707863e-06
0.69407892227173	-2.3723468984826e-06
0.69467115402222	-2.3626039364899e-06
0.69526338577271	-2.3492759737564e-06
0.69585555791855	-2.3419513581757e-06
0.69644778966904	-2.3409018012899e-06
0.69704002141953	-2.3373177100439e-06
0.69763225317001	-2.3311929453484e-06
0.69822442531586	-2.3322131710302e-06
0.69881665706635	-2.3352183688985e-06
0.69940888881683	-2.3266563857760e-06
0.70000112056732	-2.3190461888589e-06
0.70059335231781	-2.3245338525157e-06
0.70118552446365	-2.3206391688291e-06
0.70177775621414	-2.3100199086912e-06
0.70236998796463	-2.3055588371790e-06
0.70296221971512	-2.3015570604912e-06
0.70355439186096	-2.3035622689349e-06
0.70414662361145	-2.2975145839155e-06
0.70473885536194	-2.2904268917046e-06
0.70533108711243	-2.2936894765735e-06
0.70592325925827	-2.2901963347977e-06
0.70651549100876	-2.2860394892632e-06
0.70710772275925	-2.2744088710169e-06
0.70769995450974	-2.2621409243584e-06
0.70829212665558	-2.2633007574768e-06
0.70888435840607	-2.2568467556994e-06
0.70947659015656	-2.2485480712930e-06
0.71006882190704	-2.2468279894383e-06
0.71066099405289	-2.2415717921831e-06
0.71125322580338	-2.2314475245366e-06
0.71184545755386	-2.2170072497829e-06
0.71243768930435	-2.2107219592726e-06
0.71302992105484	-2.2102512957645e-06
0.71362209320068	-2.1979612938594e-06
0.71421432495117	-2.1926168756181e-06
0.71480655670166	-2.1975856725476e-06
0.71539878845215	-2.1911823750997e-06
0.71599096059799	-2.1827991076862e-06
0.71658319234848	-2.1730902517447e-06
0.71717542409897	-2.1658045170625e-06
0.71776765584946	-2.1660787297151e-06
0.71835982799530	-2.1606981590594e-06
0.71895205974579	-2.1538116925512e-06
0.71954429149628	-2.1434789232444e-06
0.72013652324677	-2.1390676465671e-06
0.72072869539261	-2.1463054054038e-06
0.72132092714310	-2.1455487058120e-06
0.72191315889359	-2.1426587863971e-06
0.72250539064407	-2.1407047370303e-06
0.72309756278992	-2.1326234218577e-06
0.72368979454041	-2.1252326405374e-06
0.72428202629089	-2.1207888494246e-06
0.72487425804138	-2.1148225641809e-06
0.72546648979187	-2.1056137029518e-06
0.72605866193771	-2.0945510641468e-06
0.72665089368820	-2.0899278752040e-06
0.72724312543869	-2.0929339825670e-06
0.72783535718918	-2.0930926893925e-06
0.72842752933502	-2.0928189314873e-06
0.72901976108551	-2.0841659988946e-06
0.72961199283600	-2.0691006739071e-06
0.73020422458649	-2.0606362340914e-06
0.73079639673233	-2.0468239654292e-06
0.73138862848282	-2.0368404420879e-06
0.73198086023331	-2.0311326807132e-06
0.73257309198380	-2.0221204977133e-06
0.73316526412964	-2.0182903881505e-06
0.73375749588013	-2.0105783278268e-06
0.73434972763062	-2.0066104298166e-06
0.73494195938110	-2.0046959434694e-06
0.73553413152695	-1.9941492155340e-06
0.73612636327744	-1.9875292309735e-06
0.73671859502792	-1.9780502498179e-06
0.73731082677841	-1.9646267901408e-06
0.73790299892426	-1.9586818780226e-06
0.73849523067474	-1.9509691355779e-06
0.73908746242523	-1.9419444470259e-06
0.73967969417572	-1.9375600004423e-06
0.74027192592621	-1.9325484572619e-06
0.74086409807205	-1.9289668671263e-06
0.74145632982254	-1.9222372884542e-06
0.74204856157303	-1.9166056972608e-06
0.74264079332352	-1.9139165488014e-06
0.74323296546936	-1.9008749632121e-06
0.74382519721985	-1.8942897668239e-06
0.74441742897034	-1.8916953195003e-06
0.74500966072083	-1.8815126168192e-06
0.74560183286667	-1.8762859781418e-06
0.74619406461716	-1.8696237020777e-06
0.74678629636765	-1.8632073306435e-06
0.74737852811813	-1.8579428342491e-06
0.74797070026398	-1.8498911913412e-06
0.74856293201447	-1.8399925920676e-06
0.74915516376495	-1.8280337599208e-06
0.74974739551544	-1.8232346974401e-06
0.75033956766129	-1.8117378886018e-06
0.75093179941177	-1.7892961068355e-06
0.75152403116226	-1.7794803852667e-06
0.75211626291275	-1.7788199784263e-06
0.75270849466324	-1.7712809494697e-06
0.75330066680908	-1.7605309494684e-06
0.75389289855957	-1.7504439711047e-06
0.75448513031006	-1.7360652009302e-06
0.75507736206055	-1.7144606090369e-06
0.75566953420639	-1.6902229162952e-06
0.75626176595688	-1.6777222526798e-06
0.75685399770737	-1.6643333538013e-06
0.75744622945786	-1.6422621911261e-06
0.75803840160370	-1.6303325764966e-06
0.75863063335419	-1.6148418353623e-06
0.75922286510468	-1.5945284985719e-06
0.75981509685516	-1.5795588979017e-06
0.76040726900101	-1.5618677480234e-06
0.76099950075150	-1.5434768556588e-06
0.76159173250198	-1.5200926100079e-06
0.76218396425247	-1.4959409782023e-06
0.76277613639832	-1.4696961443406e-06
0.76336836814880	-1.4345732779475e-06
0.76396059989929	-1.4109670019025e-06
0.76455283164978	-1.3952293329567e-06
0.76514506340027	-1.3705788433072e-06
0.76573723554611	-1.3475485047820e-06
0.76632946729660	-1.3203978141973e-06
0.76692169904709	-1.2857378806075e-06
0.76751393079758	-1.2559502238219e-06
0.76810610294342	-1.2242833236087e-06
0.76869833469391	-1.1984155889877e-06
0.76929056644440	-1.1736960914277e-06
0.76988279819489	-1.1355964488757e-06
0.77047497034073	-1.0973977850881e-06
0.77106720209122	-1.0596531865303e-06
0.77165943384171	-1.0335469369238e-06
0.77225166559219	-1.0076386161018e-06
0.77284383773804	-9.6114717962337e-07
0.77343606948853	-9.2115914185342e-07
0.77402830123901	-8.8285867150262e-07
0.77462053298950	-8.3720834709311e-07
0.77521270513535	-7.9613784009780e-07
0.77580493688583	-7.5593300152832e-07
0.77639716863632	-7.1556365810466e-07
0.77698940038681	-6.6795576003642e-07
0.77758157253265	-6.1621324221051e-07
0.77817380428314	-5.6938785064631e-07
0.77876603603363	-5.2096163472015e-07
0.77935826778412	-4.6978286150079e-07
0.77995049953461	-4.1775936665545e-07
0.78054267168045	-3.5739913073485e-07
0.78113490343094	-2.8882217861792e-07
0.78172713518143	-2.2093954044067e-07
0.78231936693192	-1.5832715405395e-07
0.78291153907776	-9.7443496827054e-08
0.78350377082825	-2.8616696567951e-08
0.78409600257874	4.1833779107492e-08
0.78468823432922	1.1705938618434e-07
0.78528040647507	2.0071449569059e-07
0.78587263822556	2.7406167646404e-07
0.78646486997604	3.4996850217794e-07
0.78705710172653	4.3857335185749e-07
0.78764927387238	5.3149562972976e-07
0.78824150562286	6.3248620563172e-07
0.78883373737335	7.3403407441219e-07
0.78942596912384	8.3307878639971e-07
0.79001814126968	9.3252339183891e-07
0.79061037302017	1.0310147899872e-06
0.79120260477066	1.1328843356750e-06
0.79179483652115	1.2415042647262e-06
0.79238706827164	1.3583345435109e-06
0.79297924041748	1.4812214885751e-06
0.79357147216797	1.5994412478904e-06
0.79416370391846	1.7218624179804e-06
0.79475593566895	1.8594505490910e-06
0.79534810781479	1.9915223674616e-06
0.79594033956528	2.1223643216217e-06
0.79653257131577	2.2628594251728e-06
0.79712480306625	2.4086887151498e-06
0.79771697521210	2.5599615582905e-06
0.79830920696259	2.7038693133363e-06
0.79890143871307	2.8575755095517e-06
0.79949367046356	3.0249489100242e-06
0.80008584260941	3.1874074011284e-06
0.80067807435989	3.3578457987460e-06
0.80127030611038	3.5342768569535e-06
0.80186253786087	3.7171853364271e-06
0.80245471000671	3.9070132515917e-06
0.80304694175720	4.0980403355206e-06
0.80363917350769	4.2985907384718e-06
0.80423140525818	4.4992348193773e-06
0.80482363700867	4.7048379201442e-06
0.80541580915451	4.9251657401328e-06
0.80600804090500	5.1442261792545e-06
0.80660027265549	5.3681246754422e-06
0.80719250440598	5.6027697610261e-06
0.80778467655182	5.8340801842860e-06
0.80837690830231	6.0747552197427e-06
0.80896914005280	6.3319539549411e-06
0.80956137180328	6.5953718149103e-06
0.81015354394913	6.8610042944783e-06
0.81074577569962	7.1214521994989e-06
0.81133800745010	7.3910400715249e-06
0.81193023920059	7.6729265856557e-06
0.81252241134644	7.9594365161029e-06
0.81311464309692	8.2550404840731e-06
0.81370687484741	8.5477486209129e-06
0.81429910659790	8.8495407908340e-06
0.81489127874374	9.1642650659196e-06
0.81548351049423	9.4772985903546e-06
0.81607574224472	9.8028112915927e-06
0.81666797399521	1.0136956007045e-05
0.81726014614105	1.0469646440470e-05
0.81785237789154	1.0806781574502e-05
0.81844460964203	1.1147214536322e-05
0.81903684139252	1.1497418199724e-05
0.81962907314301	1.1861204257002e-05
0.82022124528885	1.2227415027155e-05
0.82081347703934	1.2604103176272e-05
0.82140570878983	1.2992701158510e-05
0.82199794054031	1.3379075426201e-05
0.82259011268616	1.3773888895230e-05
0.82318234443665	1.4174236639519e-05
0.82377457618713	1.4581604773412e-05
0.82436680793762	1.5001720385044e-05
0.82495898008347	1.5422518117703e-05
0.82555121183395	1.5858253391343e-05
0.82614344358444	1.6302643416566e-05
0.82673567533493	1.6747766494518e-05
0.82732784748077	1.7206524717039e-05
0.82792007923126	1.7670397937763e-05
0.82851231098175	1.8145261492464e-05
0.82910454273224	1.8633703803062e-05
0.82969671487808	1.9127188352286e-05
0.83028894662857	1.9625951608759e-05
0.83088117837906	2.0128376490902e-05
0.83147341012955	2.0641782612074e-05
0.83206564188004	2.1166644728510e-05
0.83265781402588	2.1697709598811e-05
0.83325004577637	2.2241520127864e-05
0.83384227752686	2.2796699340688e-05
0.83443450927734	2.3360569684883e-05
0.83502668142319	2.3933593183756e-05
0.83561891317368	2.4510616640327e-05
0.83621114492416	2.5104565793299e-05
0.83680337667465	2.5707868189784e-05
0.83739554882050	2.6304342100048e-05
0.83798778057098	2.6918067305814e-05
0.83858001232147	2.7551368475542e-05
0.83917224407196	2.8199932785355e-05
0.83976441621780	2.8860791644547e-05
0.84035664796829	2.9523707780754e-05
0.84094887971878	3.0202580092009e-05
0.84154111146927	3.0889274057699e-05
0.84213328361511	3.1586299883202e-05
0.84272551536560	3.2308671507053e-05
0.84331774711609	3.3041771530407e-05
0.84390997886658	3.3785203413572e-05
0.84450221061707	3.4541480999906e-05
0.84509438276291	3.5312354157213e-05
0.84568661451340	3.6106423067395e-05
0.84627884626389	3.6913756048307e-05
0.84687107801437	3.7731424527010e-05
0.84746325016022	3.8574824429816e-05
0.84805548191071	3.9440947148250e-05
0.84864771366119	4.0325117879547e-05
0.84923994541168	4.1225695895264e-05
0.84983211755753	4.2134557588724e-05
0.85042434930801	4.3068281229353e-05
0.85101658105850	4.4027663534507e-05
0.85160881280899	4.5011260226602e-05
0.85220098495483	4.6030145313125e-05
0.85279321670532	4.7063851525309e-05
0.85338544845581	4.8116540710907e-05
0.85397768020630	4.9199559725821e-05
0.85456985235214	5.0308706704527e-05
0.85516208410263	5.1449605962262e-05
0.85575431585312	5.2610921557061e-05
0.85634654760361	5.3798485168954e-05
0.85693871974945	5.5026674090186e-05
0.85753095149994	5.6288266932825e-05
0.85812318325043	5.7585297327023e-05
0.85871541500092	5.8915094996337e-05
0.85930764675140	6.0272981500020e-05
0.85989981889725	6.1670732975472e-05
0.86049205064774	6.3108658650890e-05
0.86108428239822	6.4587955421302e-05
0.86167651414871	6.6110580519307e-05
0.86226868629456	6.7668865085579e-05
0.86286091804504	6.9273257395253e-05
0.86345314979553	7.0922898885328e-05
0.86404538154602	7.2623188316356e-05
0.86463755369186	7.4382427555975e-05
0.86522978544235	7.6184398494661e-05
0.86582201719284	7.8042212408036e-05
0.86641424894333	7.9952071246225e-05
0.86700642108917	8.1910533481278e-05
0.86759865283966	8.3938277384732e-05
0.86819088459015	8.6018539150245e-05
0.86878311634064	8.8156011770479e-05
0.86937528848648	9.0363719209563e-05
0.86996752023697	9.2640366347041e-05
0.87055975198746	9.4996277766768e-05
0.87115198373795	9.7420241218060e-05
0.87174421548843	9.9911063443869e-05
0.87233638763428	0.00010248214675812
0.87292861938477	0.00010512839071453
0.87352085113525	0.00010784914775286
0.87411308288574	0.00011064854334109
0.87470525503159	0.00011353217996657
0.87529748678207	0.00011651757085929
0.87588971853256	0.00011959789844695
0.87648195028305	0.00012276148481760
0.87707412242889	0.00012601928028744
0.87766635417938	0.00012936987332068
0.87825858592987	0.00013282928557601
0.87885081768036	0.00013640391989611
0.87944298982620	0.00014007421850692
0.88003522157669	0.00014385455870070
0.88062745332718	0.00014775560703129
0.88121968507767	0.00015176965098362
0.88181185722351	0.00015589781105518
0.88240408897400	0.00016015124856494
0.88299632072449	0.00016453470743727
0.88358855247498	0.00016904177027754
0.88418078422546	0.00017368623230141
0.88477295637131	0.00017847676645033
0.88536518812180	0.00018340055248700
0.88595741987228	0.00018846344028134
0.88654965162277	0.00019367707136553
0.88714182376862	0.00019904210057575
0.88773405551910	0.00020457310893107
0.88832628726959	0.00021026944159530
0.88891851902008	0.00021612134878524
0.88951069116592	0.00022214153432287
0.89010292291641	0.00022833044931758
0.89069515466690	0.00023470236919820
0.89128738641739	0.00024126637435984
0.89187955856323	0.00024801335530356
0.89247179031372	0.00025495135923848
0.89306402206421	0.00026207772316411
0.89365625381470	0.00026941651594825
0.89424842596054	0.00027697824407369
0.89484065771103	0.00028474416467361
0.89543288946152	0.00029273543623276
0.89602512121201	0.00030095328111202
0.89661729335785	0.00030940119177103
0.89720952510834	0.00031809834763408
0.89780175685883	0.00032703494071029
0.89839398860931	0.00033622252522036
0.89898622035980	0.00034567495458759
0.89957839250565	0.00035539042437449
0.90017062425613	0.00036538965650834
0.90076285600662	0.00037568106199615
0.90135508775711	0.00038625861634500
0.90194725990295	0.00039713544538245
0.90253949165344	0.00040832339436747
0.90313172340393	0.00041983794653788
0.90372395515442	0.00043168186675757
0.90431612730026	0.00044385631917976
0.90490835905075	0.00045639005838893
0.90550059080124	0.00046928567462601
0.90609282255173	0.00048254852299578
0.90668499469757	0.00049619778292254
0.90727722644806	0.00051023653941229
0.90786945819855	0.00052468606736511
0.90846168994904	0.00053956161718816
0.90905386209488	0.00055487477220595
0.90964609384537	0.00057064503198490
0.91023832559586	0.00058687926502898
0.91083055734634	0.00060358789050952
0.91142278909683	0.00062078906921670
0.91201496124268	0.00063850375590846
0.91260719299316	0.00065675273071975
0.91319942474365	0.00067555235000327
0.91379165649414	0.00069491588510573
0.91438382863998	0.00071486626984552
0.91497606039047	0.00073542911559343
0.91556829214096	0.00075662712333724
0.91616052389145	0.00077847432112321
0.91675269603729	0.00080098595935851
0.91734492778778	0.00082419882528484
0.91793715953827	0.00084813189459965
0.91852939128876	0.00087281450396404
0.91912156343460	0.00089827837655321
0.91971379518509	0.00092453171964735
0.92030602693558	0.00095162488287315
0.92089825868607	0.00097959220875055
0.92149043083191	0.0010084463283420
0.92208266258240	0.0010382240870968
0.92267489433289	0.0010689523769543
0.92326712608337	0.0011006759013981
0.92385935783386	0.0011334365699440
0.92445152997971	0.0011672643013299
0.92504376173019	0.0012022020528093
0.92563599348068	0.0012382792774588
0.92622822523117	0.0012755399802700
0.92682039737701	0.0013140462106094
0.92741262912750	0.0013538355706260
0.92800486087799	0.0013949469430372
0.92859709262848	0.0014374244492501
0.92918926477432	0.0014813181478530
0.92978149652481	0.0015266992850229
0.93037372827530	0.0015736098866910
0.93096596002579	0.0016220982652158
0.93155813217163	0.0016722367145121
0.93215036392212	0.0017240743618459
0.93274259567261	0.0017776784952730
0.93333482742310	0.0018331184983253
0.93392699956894	0.0018904521130025
0.93451923131943	0.0019497445318848
0.93511146306992	0.0020110688637942
0.93570369482040	0.0020745105575770
0.93629592657089	0.0021401327103376
0.93688809871674	0.0022080135531723
0.93748033046722	0.0022782487794757
0.93807256221771	0.0023509054444730
0.93866479396820	0.0024260650388896
0.93925696611404	0.0025038293097168
0.93984919786453	0.0025842902250588
0.94044142961502	0.0026675406843424
0.94103366136551	0.0027536761481315
0.94162583351135	0.0028427937068045
0.94221806526184	0.0029350020922720
0.94281029701233	0.0030304018873721
0.94340252876282	0.0031290974002331
0.94399470090866	0.0032312159892172
0.94458693265915	0.0033368691802025
0.94517916440964	0.0034461747854948
0.94577139616013	0.0035592510830611
0.94636356830597	0.0036762277595699
0.94695580005646	0.0037972463760525
0.94754803180695	0.0039224200882018
0.94814026355743	0.0040518953464925
0.94873243570328	0.0041858223266900
0.94932466745377	0.0043243272230029
0.94991689920425	0.0044675669632852
0.95050913095474	0.0046156914904714
0.95110136270523	0.0047688568010926
0.95169353485107	0.0049272384494543
0.95228576660156	0.0050909901037812
0.95287799835205	0.0052602780051529
0.95347023010254	0.0054352818988264
0.95406240224838	0.0056161708198488
0.95465463399887	0.0058031287044287
0.95524686574936	0.0059963432140648
0.95583909749985	0.0061960052698851
0.95643126964569	0.0064023104496300
0.95702350139618	0.0066154422238469
0.95761573314667	0.0068356259725988
0.95820796489716	0.0070630791597068
0.95880013704300	0.0072979908436537
0.95939236879349	0.0075405812822282
0.95998460054398	0.0077910767868161
0.96057683229446	0.0080497153103352
0.96116900444031	0.0083167254924774
0.96176123619080	0.0085923289880157
0.96235346794128	0.0088767781853676
0.96294569969177	0.0091703133657575
0.96353793144226	0.0094731869176030
0.96413010358810	0.0097856651991606
0.96472233533859	0.010108002461493
0.96531456708908	0.010440461337566
0.96590679883957	0.010783312842250
0.96649897098541	0.011136840097606
0.96709120273590	0.011501311324537
0.96768343448639	0.011877003125846
0.96827566623688	0.012264220975339
0.96886783838272	0.012663261033595
0.96946007013321	0.013074406422675
0.97005230188370	0.013497966341674
0.97064453363419	0.013934249989688
0.97123670578003	0.014383565634489
0.97182893753052	0.014846239238977
0.97242116928101	0.015322580933571
0.97301340103149	0.015812916681170
0.97360557317734	0.016317581757903
0.97419780492783	0.016836900264025
0.97479003667831	0.017371211200953
0.97538226842880	0.017920851707458
0.97597450017929	0.018486179411411
0.97656667232513	0.019067538902164
0.97715890407562	0.019665269181132
0.97775113582611	0.020279733464122
0.97834336757660	0.020911293104291
0.97893553972244	0.021560302004218
0.97952777147293	0.022227130830288
0.98012000322342	0.022912142798305
0.98071223497391	0.023615704849362
0.98130440711975	0.024338189512491
0.98189663887024	0.025079965591431
0.98248887062073	0.025841411203146
0.98308110237122	0.026622904464602
0.98367327451706	0.027424821630120
0.98426550626755	0.028247546404600
0.98485773801804	0.029091447591782
0.98544996976852	0.029956905171275
0.98604214191437	0.030844314023852
0.98663437366486	0.031754039227962
0.98722660541534	0.032686468213797
0.98781883716583	0.033641967922449
0.98841100931168	0.034620929509401
0.98900324106216	0.035623718053102
0.98959547281265	0.036650706082582
0.99018770456314	0.037702277302742
0.99077993631363	0.038778800517321
0.99137210845947	0.039880629628897
0.99196434020996	0.041008129715919
0.99255657196045	0.042161665856838
0.99314880371094	0.043341580778360
0.99374097585678	0.044548232108355
0.99433320760727	0.045781962573528
0.99492543935776	0.047043118625879
0.99551767110825	0.048332020640373
0.99610984325409	0.049648985266685
0.99670207500458	0.050994351506233
0.99729430675507	0.052368421107531
0.99788653850555	0.053771495819092
0.99847871065140	0.055203873664141
0.99907094240189	0.056665815412998
0.99966317415237	0.058157619088888
1.0002553462982	0.059679541736841
1.0008475780487	0.061231825500727
1.0014398097992	0.062814727425575
1.0020320415497	0.064428471028805
1.0026242733002	0.066073261201382
1.0032165050507	0.067749291658401
1.0038087368011	0.069456778466702
1.0044009685516	0.071195878088474
1.0049930810928	0.072966754436493
1.0055853128433	0.074769519269466
1.0061775445938	0.076604314148426
1.0067697763443	0.078471243381500
1.0073620080948	0.080370411276817
1.0079542398453	0.082301884889603
1.0085464715958	0.084265694022179
1.0091387033463	0.086261875927448
1.0097308158875	0.088290430605412
1.0103230476379	0.090351358056068
1.0109152793884	0.092444628477097
1.0115075111389	0.094570174813271
1.0120997428894	0.096727922558784
1.0126919746399	0.098917759954929
1.0132842063904	0.10113955289125
1.0138764381409	0.10339315980673
1.0144685506821	0.10567837208509
1.0150607824326	0.10799500346184
1.0156530141830	0.11034281551838
1.0162452459335	0.11272154748440
1.0168374776840	0.11513091623783
1.0174297094345	0.11757058650255
1.0180219411850	0.12004019320011
1.0186141729355	0.12253938615322
1.0192064046860	0.12506774067879
1.0197985172272	0.12762480974197
1.0203907489777	0.13021013140678
1.0209829807281	0.13282316923141
1.0215752124786	0.13546341657639
1.0221674442291	0.13813029229641
1.0227596759796	0.14082320034504
1.0233519077301	0.14354147017002
1.0239441394806	0.14628444612026
1.0245362520218	0.14905142784119
1.0251284837723	0.15184167027473
1.0257207155228	0.15465438365936
1.0263129472733	0.15748877823353
1.0269051790237	0.16034395992756
1.0274974107742	0.16321910917759
1.0280896425247	0.16611325740814
1.0286818742752	0.16902545094490
1.0292741060257	0.17195470631123
1.0298662185669	0.17489999532700
1.0304584503174	0.17786026000977
1.0310506820679	0.18083441257477
1.0316429138184	0.18382129073143
1.0322351455688	0.18681976199150
1.0328273773193	0.18982858955860
1.0334196090698	0.19284653663635
1.0340118408203	0.19587233662605
1.0346039533615	0.19890469312668
1.0351961851120	0.20194225013256
1.0357884168625	0.20498363673687
1.0363806486130	0.20802745223045
1.0369728803635	0.21107223629951
1.0375651121140	0.21411654353142
1.0381573438644	0.21715885400772
1.0387495756149	0.22019766271114
1.0393416881561	0.22323139011860
1.0399339199066	0.22625842690468
1.0405261516571	0.22927722334862
1.0411183834076	0.23228606581688
1.0417106151581	0.23528333008289
1.0423028469086	0.23826728761196
1.0428950786591	0.24123625457287
1.0434873104095	0.24418850243092
1.0440795421600	0.24712225794792
1.0446716547012	0.25003573298454
1.0452638864517	0.25292715430260
1.0458561182022	0.25579470396042
1.0464483499527	0.25863656401634
1.0470405817032	0.26145085692406
1.0476328134537	0.26423576474190
1.0482250452042	0.26698943972588
1.0488172769547	0.26970997452736
1.0494093894958	0.27239552140236
1.0500016212463	0.27504414319992
1.0505938529968	0.27765402197838
1.0511860847473	0.28022322058678
1.0517783164978	0.28274989128113
1.0523705482483	0.28523209691048
1.0529627799988	0.28766801953316
1.0535550117493	0.29005572199821
1.0541471242905	0.29239338636398
1.0547393560410	0.29467910528183
1.0553315877914	0.29691103100777
1.0559238195419	0.29908740520477
1.0565160512924	0.30120632052422
1.0571082830429	0.30326604843140
1.0577005147934	0.30526480078697
1.0582927465439	0.30720081925392
1.0588849782944	0.30907234549522
1.0594770908356	0.31087771058083
1.0600693225861	0.31261521577835
1.0606615543365	0.31428325176239
1.0612537860870	0.31588017940521
1.0618460178375	0.31740444898605
1.0624382495880	0.31885454058647
1.0630304813385	0.32022893428802
1.0636227130890	0.32152616977692
1.0642148256302	0.32274490594864
1.0648070573807	0.32388368248940
1.0653992891312	0.32494127750397
1.0659915208817	0.32591637969017
1.0665837526321	0.32680779695511
1.0671759843826	0.32761436700821
1.0677682161331	0.32833498716354
1.0683604478836	0.32896864414215
1.0689526796341	0.32951432466507
1.0695447921753	0.32997113466263
1.0701370239258	0.33033820986748
1.0707292556763	0.33061474561691
1.0713214874268	0.33080005645752
1.0719137191772	0.33089345693588
1.0725059509277	0.33089435100555
1.0730981826782	0.33080220222473
1.0736904144287	0.33061665296555
1.0742825269699	0.33033728599548
1.0748747587204	0.32996380329132
1.0754669904709	0.32949596643448
1.0760592222214	0.32893365621567
1.0766514539719	0.32827678322792
1.0772436857224	0.32752537727356
1.0778359174728	0.32667952775955
1.0784281492233	0.32573941349983
1.0790202617645	0.32470524311066
1.0796124935150	0.32357740402222
1.0802047252655	0.32235625386238
1.0807969570160	0.32104229927063
1.0813891887665	0.31963610649109
1.0819814205170	0.31813830137253
1.0825736522675	0.31654965877533
1.0831658840179	0.31487095355988
1.0837581157684	0.31310307979584
1.0843502283096	0.31124702095985
1.0849424600601	0.30930382013321
1.0855346918106	0.30727455019951
1.0861269235611	0.30516043305397
1.0867191553116	0.30296277999878
1.0873113870621	0.30068290233612
1.0879036188126	0.29832223057747
1.0884958505630	0.29588225483894
1.0890879631042	0.29336455464363
1.0896801948547	0.29077070951462
1.0902724266052	0.28810247778893
1.0908646583557	0.28536158800125
1.0914568901062	0.28254988789558
1.0920491218567	0.27966922521591
1.0926413536072	0.27672159671783
1.0932335853577	0.27370899915695
1.0938256978989	0.27063345909119
1.0944179296494	0.26749715209007
1.0950101613998	0.26430219411850
1.0956023931503	0.26105082035065
1.0961946249008	0.25774529576302
1.0967868566513	0.25438788533211
1.0973790884018	0.25098100304604
1.0979713201523	0.24752694368362
1.0985635519028	0.24402816593647
1.0991556644440	0.24048709869385
1.0997478961945	0.23690624535084
1.1003401279449	0.23328809440136
1.1009323596954	0.22963517904282
1.1015245914459	0.22595001757145
1.1021168231964	0.22223518788815
1.1027090549469	0.21849326789379
1.1033012866974	0.21472685039043
1.1038933992386	0.21093851327896
1.1044856309891	0.20713084936142
1.1050778627396	0.20330646634102
1.1056700944901	0.19946797192097
1.1062623262405	0.19561795890331
1.1068545579910	0.19175900518894
1.1074467897415	0.18789367377758
1.1080390214920	0.18402454257011
1.1086312532425	0.18015414476395
1.1092233657837	0.17628501355648
1.1098155975342	0.17241963744164
1.1104078292847	0.16856047511101
1.1110000610352	0.16470998525620
1.1115922927856	0.16087059676647
1.1121845245361	0.15704466402531
1.1127767562866	0.15323452651501
1.1133689880371	0.14944250881672
1.1139611005783	0.14567084610462
1.1145533323288	0.14192174375057
1.1151455640793	0.13819740712643
1.1157377958298	0.13449990749359
1.1163300275803	0.13083133101463
1.1169222593307	0.12719368934631
1.1175144910812	0.12358894199133
1.1181067228317	0.12001897394657
1.1186988353729	0.11648561805487
1.1192910671234	0.11299065500498
1.1198832988739	0.10953581333160
1.1204755306244	0.10612271726131
1.1210677623749	0.10275296866894
1.1216599941254	0.099428065121174
1.1222522258759	0.096149452030659
1.1228444576263	0.092918522655964
1.1234366893768	0.089736580848694
1.1240288019180	0.086604863405228
1.1246210336685	0.083524525165558
1.1252132654190	0.080496639013290
1.1258054971695	0.077522255480289
1.1263977289200	0.074602313339710
1.1269899606705	0.071737676858902
1.1275821924210	0.068929150700569
1.1281744241714	0.066177465021610
1.1287665367126	0.063483268022537
1.1293587684631	0.060847133398056
1.1299510002136	0.058269560337067
1.1305432319641	0.055751007050276
1.1311354637146	0.053291827440262
1.1317276954651	0.050892308354378
1.1323199272156	0.048552677035332
1.1329121589661	0.046273089945316
1.1335042715073	0.044053647667170
1.1340965032578	0.041894350200891
1.1346887350082	0.039795152842999
1.1352809667587	0.037755969911814
1.1358731985092	0.035776603966951
1.1364654302597	0.033856820315123
1.1370576620102	0.031996343284845
1.1376498937607	0.030194826424122
1.1382421255112	0.028451850637794
1.1388342380524	0.026766953989863
1.1394264698029	0.025139629840851
1.1400187015533	0.023569311946630
1.1406109333038	0.022055372595787
1.1412031650543	0.020597163587809
1.1417953968048	0.019193984568119
1.1423876285553	0.017845077440143
1.1429798603058	0.016549658030272
1.1435719728470	0.015306894667447
1.1441642045975	0.014115921221673
1.1447564363480	0.012975847348571
1.1453486680984	0.011885733343661
1.1459408998489	0.010844624601305
1.1465331315994	0.0098515255376697
1.1471253633499	0.0089054228737950
1.1477175951004	0.0080052874982357
1.1483098268509	0.0071500535123050
1.1489019393921	0.0063386517576873
1.1494941711426	0.0055699744261801
1.1500864028931	0.0048429099842906
1.1506786346436	0.0041563515551388
1.1512708663940	0.0035091612953693
1.1518630981445	0.0029001904185861
1.1524553298950	0.0023282913025469
1.1530475616455	0.0017923230770975
1.1536396741867	0.0012911204248667
1.1542319059372	0.00082351680612192
1.1548241376877	0.00038837923784740
1.1554163694382	-1.5443565644091e-05
1.1560086011887	-0.00038912333548069
1.1566008329391	-0.00073379365494475
1.1571930646896	-0.0010505664395168
1.1577852964401	-0.0013405784266070
1.1583774089813	-0.0016049536643550
1.1589696407318	-0.0018447872716933
1.1595618724823	-0.0020611609797925
1.1601541042328	-0.0022551543079317
1.1607463359833	-0.0024278308264911
1.1613385677338	-0.0025802142918110
1.1619307994843	-0.0027133319526911
1.1625230312347	-0.0028281863778830
1.1631152629852	-0.0029257410205901
1.1637073755264	-0.0030069770291448
1.1642996072769	-0.0030728380661458
1.1648918390274	-0.0031242258846760
1.1654840707779	-0.0031620392110199
1.1660763025284	-0.0031871434766799
1.1666685342789	-0.0032003773376346
1.1672607660294	-0.0032025664113462
1.1678529977798	-0.0031945034861565
1.1684451103210	-0.0031769673805684
1.1690373420715	-0.0031506977975368
1.1696295738220	-0.0031163904350251
1.1702218055725	-0.0030747500713915
1.1708140373230	-0.0030264419037849
1.1714062690735	-0.0029721034225076
1.1719985008240	-0.0029123523272574
1.1725907325745	-0.0028477592859417
1.1731828451157	-0.0027788965962827
1.1737750768661	-0.0027063009329140
1.1743673086166	-0.0026304756756872
1.1749595403671	-0.0025519027840346
1.1755517721176	-0.0024710346478969
1.1761440038681	-0.0023883157409728
1.1767362356186	-0.0023041474632919
1.1773284673691	-0.0022189160808921
1.1779206991196	-0.0021329910960048
1.1785128116608	-0.0020466987043619
1.1791050434113	-0.0019603581167758
1.1796972751617	-0.0018742689862847
1.1802895069122	-0.0017887086141855
1.1808817386627	-0.0017039274098352
1.1814739704132	-0.0016201471444219
1.1820662021637	-0.0015375976217911
1.1826584339142	-0.0014564808225259
1.1832505464554	-0.0013769472716376
1.1838427782059	-0.0012991611147299
1.1844350099564	-0.0012232789304107
1.1850272417068	-0.0011494122445583
1.1856194734573	-0.0010776760755107
1.1862117052078	-0.0010081740329042
1.1868039369583	-0.00094098766567186
1.1873961687088	-0.00087618402903900
1.1879884004593	-0.00081381434574723
1.1885805130005	-0.00075392844155431
1.1891727447510	-0.00069654773687944
1.1897649765015	-0.00064169318648055
1.1903572082520	-0.00058939470909536
1.1909494400024	-0.00053965277038515
1.1915416717529	-0.00049245404079556
1.1921339035034	-0.00044778161100112
1.1927261352539	-0.00040561507921666
1.1933182477951	-0.00036592560354620