#Parameters = {ZL=50; C=0; L=100; Lamb=0.05; Li=0; R=1e-13; W=20; Zp2=50; dlump=2; er=2; h=0.8; w1=2.62}
#"Time / ns"	"i1 (ZL=50) [Real / W^(1/2)]"
#-----------------------------------------
0.0000000000000	-2.0050163129781e-07
0.00059221754781902	-7.0738565227657e-08
0.0011844350956380	7.0738565227657e-08
0.0017766526434571	1.8044806893158e-06
0.0023688701912761	1.9724964204215e-06
0.0029610877390951	2.1555079001701e-06
0.0035533052869141	2.3547913770017e-06
0.0041455226019025	2.5717260996316e-06
0.0047377403825521	2.8078013656341e-06
0.0053299576975405	3.0646260711364e-06
0.0059221754781902	3.3439366688981e-06
0.0065143927931786	3.6476067180047e-06
0.0071066105738282	3.9776573430572e-06
0.0076988278888166	4.3362688302295e-06
0.0082910452038050	4.7257899495889e-06
0.0088832629844546	5.1487531891325e-06
0.0094754807651043	5.6078856687236e-06
0.010067697614431	6.1061246015015e-06
0.010659915395081	6.6466313910496e-06
0.011252133175731	7.2328084570472e-06
0.011844350956380	7.8683151514269e-06
0.012436567805707	8.5570864030160e-06
0.013028785586357	9.3033540906617e-06
0.013621003367007	1.0111663868884e-05
0.014213221147656	1.0986897905241e-05
0.014805437996984	1.1934301255678e-05
0.015397655777633	1.2959502782905e-05
0.015989873558283	1.4068541531742e-05
0.016582090407610	1.5267898561433e-05
0.017174309119582	1.6564521502005e-05
0.017766525968909	1.7965854567592e-05
0.018358742818236	1.9479883121676e-05
0.018950961530209	2.1115152776474e-05
0.019543178379536	2.2880816686666e-05
0.020135395228863	2.4786673748167e-05
0.020727613940835	2.6843206796912e-05
0.021319830790162	2.9061631721561e-05
0.021912049502134	3.1453935662284e-05
0.022504266351461	3.4032935218420e-05
0.023096483200788	3.6812325561186e-05
0.023688701912761	3.9806735003367e-05
0.024280918762088	4.3031774112023e-05
0.024873135611415	4.6504112106049e-05
0.025465354323387	5.0241538701812e-05
0.026057571172714	5.4263011406874e-05
0.026649788022041	5.8588757383404e-05
0.027242006734014	6.3240331655834e-05
0.027834223583341	6.8240682594478e-05
0.028426442295313	7.3614275606815e-05
0.029018659144640	7.9387136793230e-05
0.029610875993967	8.5586973000318e-05
0.030203094705939	9.2243251856416e-05
0.030795311555266	9.9387318186928e-05
0.031387530267239	0.00010705248860177
0.031979747116566	0.00011527416791068
0.032571963965893	0.00012408995826263
0.033164180815220	0.00013353979738895
0.033756397664547	0.00014366606774274
0.034348618239164	0.00015451374929398
0.034940835088491	0.00016613054322079
0.035533051937819	0.00017856701742858
0.036125268787146	0.00019187679572497
0.036717485636473	0.00020611664513126
0.037309702485800	0.00022134672326501
0.037901923060417	0.00023763072385918
0.038494139909744	0.00025503599317744
0.039086356759071	0.00027363383560441
0.039678573608398	0.00029349961550906
0.040270790457726	0.00031471301917918
0.040863011032343	0.00033735821489245
0.041455227881670	0.00036152414395474
0.042047444730997	0.00038730469532311
0.042639661580324	0.00041479893843643
0.043231878429651	0.00044411138514988
0.043824099004269	0.00047535233898088
0.044416315853596	0.00050863798242062
0.045008532702923	0.00054409075528383
0.045600749552250	0.00058183970395476
0.046192966401577	0.00062202056869864
0.046785183250904	0.00066477642394602
0.047377403825521	0.00071025756187737
0.047969620674849	0.00075862219091505
0.048561837524176	0.00081003661034629
0.049154054373503	0.00086467561777681
0.049746271222830	0.00092272262554616
0.050338491797447	0.00098437035921961
0.050930708646774	0.0010498212650418
0.051522925496101	0.0011192873353139
0.052115142345428	0.0011929912725464
0.052707359194756	0.0012711662566289
0.053299576044083	0.0013540567597374
0.053891796618700	0.0014419187791646
0.054484013468027	0.0015350204193965
0.055076230317354	0.0016336422413588
0.055668447166681	0.0017380776116624
0.056260664016008	0.0018486334010959
0.056852884590626	0.0019656303338706
0.057445101439953	0.0020894035696983
0.058037318289280	0.0022203030530363
0.058629535138607	0.0023586940951645
0.059221751987934	0.0025049573741853
0.059813968837261	0.0026594910304993
0.060406189411879	0.0028227092698216
0.060998406261206	0.0029950439929962
0.061590623110533	0.0031769445631653
0.062182839959860	0.0033688799012452
0.062775060534477	0.0035713370889425
0.063367277383804	0.0037848229985684
0.063959494233131	0.0040098647587001
0.064551711082458	0.0042470102198422
0.065143927931786	0.0044968286529183
0.065736144781113	0.0047599100507796
0.066328361630440	0.0050368686206639
0.066920578479767	0.0053283395245671
0.067512795329094	0.0056349830701947
0.068105012178421	0.0059574819169939
0.068697236478329	0.0062965448014438
0.069289453327656	0.0066529042087495
0.069881670176983	0.0070273191668093
0.070473887026310	0.0074205743148923
0.071066103875637	0.0078334808349609
0.071658320724964	0.0082668764516711
0.072250537574291	0.0087216282263398
0.072842754423618	0.0091986283659935
0.073434971272945	0.0096988007426262
0.074027188122272	0.010223095305264
0.074619404971600	0.010772492736578
0.075211629271507	0.011348002590239
0.075803846120834	0.011950666084886
0.076396062970161	0.012581550516188
0.076988279819489	0.013241758570075
0.077580496668816	0.013932421803474
0.078172713518143	0.014654700644314
0.078764930367470	0.015409789979458
0.079357147216797	0.016198914498091
0.079949364066124	0.017023332417011
0.080541580915451	0.017884327098727
0.081133805215359	0.018783221021295
0.081726022064686	0.019721366465092
0.082318238914013	0.020700141787529
0.082910455763340	0.021720962598920
0.083502672612667	0.022785272449255
0.084094889461994	0.023894548416138
0.084687106311321	0.025050295516849
0.085279323160648	0.026254050433636
0.085871540009975	0.027507377788424
0.086463756859303	0.028811872005463
0.087055973708630	0.030169159173965
0.087648198008537	0.031580887734890
0.088240414857864	0.033048741519451
0.088832631707191	0.034574422985315
0.089424848556519	0.036159660667181
0.090017065405846	0.037806212902069
0.090609282255173	0.039515864104033
0.091201499104500	0.041290406137705
0.091793715953827	0.043131671845913
0.092385932803154	0.045041497796774
0.092978149652481	0.047021750360727
0.093570366501808	0.049074310809374
0.094162590801716	0.051201067864895
0.094754807651043	0.053403936326504
0.095347024500370	0.055684834718704
0.095939241349697	0.058045696467161
0.096531458199024	0.060488462448120
0.097123675048351	0.063015080988407
0.097715891897678	0.065627500414848
0.098308108747005	0.068327680230141
0.098900325596333	0.071117565035820
0.099492542445660	0.073999114334583
0.10008475929499	0.076974272727966
0.10067698359489	0.080044977366924
0.10126920044422	0.083213157951832
0.10186141729355	0.086480729281902
0.10245363414288	0.089849591255188
0.10304585099220	0.093321621417999
0.10363806784153	0.096898689866066
0.10423028469086	0.10058262199163
0.10482250154018	0.10437522083521
0.10541471838951	0.10827826708555
0.10600693523884	0.11229350417852
0.10659915208817	0.11642261594534
0.10719137638807	0.12066727876663
0.10778359323740	0.12502910196781
0.10837581008673	0.12950964272022
0.10896802693605	0.13411043584347
0.10956024378538	0.13883291184902
0.11015246063471	0.14367847144604
0.11074467748404	0.14864847064018
0.11133689433336	0.15374414622784
0.11192911118269	0.15896669030190
0.11252132803202	0.16431723535061
0.11311354488134	0.16979680955410
0.11370576918125	0.17540638148785
0.11429798603058	0.18114678561687
0.11489020287991	0.18701882660389
0.11548241972923	0.19302316009998
0.11607463657856	0.19916038215160
0.11666685342789	0.20543096959591
0.11725907027721	0.21183529496193
0.11785128712654	0.21837359666824
0.11844350397587	0.22504602372646
0.11903572082520	0.23185262084007
0.11962793767452	0.23879328370094
0.12022016197443	0.24586777389050
0.12081237882376	0.25307574868202
0.12140459567308	0.26041674613953
0.12199681252241	0.26789012551308
0.12258902937174	0.27549511194229
0.12318124622107	0.28323084115982
0.12377346307039	0.29109624028206
0.12436567991972	0.29909011721611
0.12495789676905	0.30721116065979
0.12555012106895	0.31545782089233
0.12614233791828	0.32382848858833
0.12673455476761	0.33232134580612
0.12732677161694	0.34093442559242
0.12791898846626	0.34966558218002
0.12851120531559	0.35851252079010
0.12910342216492	0.36747282743454
0.12969563901424	0.37654381990433
0.13028785586357	0.38572275638580
0.13088007271290	0.39500665664673
0.13147228956223	0.40439239144325
0.13206450641155	0.41387671232224
0.13265672326088	0.42345613241196
0.13324894011021	0.43312701582909
0.13384115695953	0.44288557767868
0.13443337380886	0.45272788405418
0.13502559065819	0.46264979243279
0.13561780750751	0.47264704108238
0.13621002435684	0.48271512985229
0.13680225610733	0.49284949898720
0.13739447295666	0.50304538011551
0.13798668980598	0.51329779624939
0.13857890665531	0.52360171079636
0.13917112350464	0.53395193815231
0.13976334035397	0.54434305429459
0.14035555720329	0.55476957559586
0.14094777405262	0.56522583961487
0.14153999090195	0.57570606470108
0.14213220775127	0.58620434999466
0.14272442460060	0.59671461582184
0.14331664144993	0.60723078250885
0.14390885829926	0.61774647235870
0.14450107514858	0.62825536727905
0.14509329199791	0.63875091075897
0.14568550884724	0.64922660589218
0.14627772569656	0.65967571735382
0.14686994254589	0.67009150981903
0.14746215939522	0.68046718835831
0.14805437624454	0.69079571962357
0.14864659309387	0.70107024908066
0.14923880994320	0.71128374338150
0.14983104169369	0.72142904996872
0.15042325854301	0.73149907588959
0.15101547539234	0.74148672819138
0.15160769224167	0.75138479471207
0.15219990909100	0.76118612289429
0.15279212594032	0.77088344097137
0.15338434278965	0.78046965599060
0.15397655963898	0.78993749618530
0.15456877648830	0.79927986860275
0.15516099333763	0.80848962068558
0.15575321018696	0.81755965948105
0.15634542703629	0.82648289203644
0.15693764388561	0.83525234460831
0.15752986073494	0.84386110305786
0.15812207758427	0.85230231285095
0.15871429443359	0.86056917905807
0.15930651128292	0.86865502595901
0.15989872813225	0.87655323743820
0.16049094498158	0.88425737619400
0.16108316183090	0.89176106452942
0.16167537868023	0.89905804395676
0.16226761043072	0.90614229440689
0.16285982728004	0.91300779581070
0.16345204412937	0.91964882612228
0.16404426097870	0.92605966329575
0.16463647782803	0.93223482370377
0.16522869467735	0.93816906213760
0.16582091152668	0.94385725259781
0.16641312837601	0.94929450750351
0.16700534522533	0.95447605848312
0.16759756207466	0.95939737558365
0.16818977892399	0.96405416727066
0.16878199577332	0.96844232082367
0.16937421262264	0.97255802154541
0.16996642947197	0.97639763355255
0.17055864632130	0.97995769977570
0.17115086317062	0.98323512077332
0.17174308001995	0.98622685670853
0.17233529686928	0.98893040418625
0.17292751371861	0.99134320020676
0.17351973056793	0.99346315860748
0.17411194741726	0.99528837203979
0.17470416426659	0.99681717157364
0.17529639601707	0.99804824590683
0.17588861286640	0.99898040294647
0.17648082971573	0.99961280822754
0.17707304656506	0.99994498491287
0.17766526341438	0.99997651576996
0.17825748026371	0.99970752000809
0.17884969711304	0.99913805723190
0.17944191396236	0.99826878309250
0.18003413081169	0.99710041284561
0.18062634766102	0.99563401937485
0.18121856451035	0.99387091398239
0.18181078135967	0.99181270599365
0.18240299820900	0.98946124315262
0.18299521505833	0.98681855201721
0.18358743190765	0.98388707637787
0.18417964875698	0.98066943883896
0.18477186560631	0.97716850042343
0.18536408245564	0.97338730096817
0.18595629930496	0.96932929754257
0.18654851615429	0.96499800682068
0.18714073300362	0.96039730310440
0.18773294985294	0.95553117990494
0.18832518160343	0.95040392875671
0.18891739845276	0.94501996040344
0.18950961530209	0.93938410282135
0.19010183215141	0.93350106477737
0.19069404900074	0.92737609148026
0.19128626585007	0.92101424932480
0.19187848269939	0.91442114114761
0.19247069954872	0.90760231018066
0.19306291639805	0.90056353807449
0.19365513324738	0.89331066608429
0.19424735009670	0.88584989309311
0.19483956694603	0.87818729877472
0.19543178379536	0.87032932043076
0.19602400064468	0.86228233575821
0.19661621749401	0.85405290126801
0.19720843434334	0.84564775228500
0.19780065119267	0.83707362413406
0.19839286804199	0.82833731174469
0.19898508489132	0.81944578886032
0.19957730174065	0.81040602922440
0.20016951858997	0.80122500658035
0.20076173543930	0.79190993309021
0.20135396718979	0.78246784210205
0.20194618403912	0.77290588617325
0.20253840088844	0.76323127746582
0.20313061773777	0.75345122814178
0.20372283458710	0.74357283115387
0.20431505143642	0.73360341787338
0.20490726828575	0.72355008125305
0.20549948513508	0.71341997385025
0.20609170198441	0.70322024822235
0.20668391883373	0.69295793771744
0.20727613568306	0.68264019489288
0.20786835253239	0.67227381467819
0.20846056938171	0.66186589002609
0.20905278623104	0.65142321586609
0.20964500308037	0.64095252752304
0.21023721992970	0.63046056032181
0.21082943677902	0.61995393037796
0.21142165362835	0.60943913459778
0.21201387047768	0.59892261028290
0.21260608732700	0.58841055631638
0.21319830417633	0.57790929079056
0.21379052102566	0.56742477416992
0.21438275277615	0.55696296691895
0.21497496962547	0.54652971029282
0.21556718647480	0.53613072633743
0.21615940332413	0.52577143907547
0.21675162017345	0.51545739173889
0.21734383702278	0.50519371032715
0.21793605387211	0.49498555064201
0.21852827072144	0.48483785986900
0.21912048757076	0.47475546598434
0.21971270442009	0.46474298834801
0.22030492126942	0.45480489730835
0.22089713811874	0.44494551420212
0.22148935496807	0.43516904115677
0.22208157181740	0.42547941207886
0.22267378866673	0.41588047146797
0.22326600551605	0.40637591481209
0.22385822236538	0.39696916937828
0.22445043921471	0.38766363263130
0.22504265606403	0.37846240401268
0.22563487291336	0.36936849355698
0.22622708976269	0.36038473248482
0.22681930661201	0.35151377320290
0.22741153836250	0.34275811910629
0.22800375521183	0.33412006497383
0.22859597206116	0.32560181617737
0.22918818891048	0.31720530986786
0.22978040575981	0.30893245339394
0.23037262260914	0.30078491568565
0.23096483945847	0.29276421666145
0.23155705630779	0.28487172722816
0.23214927315712	0.27710869908333
0.23274149000645	0.26947617530823
0.23333370685577	0.26197507977486
0.23392592370510	0.25460624694824
0.23451814055443	0.24737028777599
0.23511035740376	0.24026773869991
0.23570257425308	0.23329894244671
0.23629479110241	0.22646419703960
0.23688700795174	0.21976357698441
0.23747922480106	0.21319712698460
0.23807144165039	0.20676468312740
0.23866365849972	0.20046605169773
0.23925587534904	0.19430086016655
0.23984809219837	0.18826866149902
0.24044032394886	0.18236888945103
0.24103254079819	0.17660090327263
0.24162475764751	0.17096392810345
0.24221697449684	0.16545712947845
0.24280919134617	0.16007958352566
0.24340140819550	0.15483023226261
0.24399362504482	0.14970801770687
0.24458584189415	0.14471174776554
0.24517805874348	0.13984015583992
0.24577027559280	0.13509194552898
0.24636249244213	0.13046573102474
0.24695470929146	0.12596005201340
0.24754692614079	0.12157343327999
0.24813914299011	0.11730429530144
0.24873135983944	0.11315105110407
0.24932357668877	0.10911204665899
0.24991579353809	0.10518559068441
0.25050801038742	0.10136993974447
0.25110024213791	0.097663335502148
0.25169244408607	0.094063982367516
0.25228467583656	0.090570047497749
0.25287687778473	0.087179675698280
0.25346910953522	0.083890989422798
0.25406131148338	0.080702096223831
0.25465354323387	0.077611088752747
0.25524574518204	0.074616022408009
0.25583797693253	0.071714982390404
0.25643017888069	0.068906009197235
0.25702241063118	0.066187150776386
0.25761461257935	0.063556469976902
0.25820684432983	0.061011996120214
0.25879904627800	0.058551784604788
0.25939127802849	0.056173883378506
0.25998350977898	0.053876355290413
0.26057571172714	0.051657263189554
0.26116794347763	0.049514681100845
0.26176014542580	0.047446697950363
0.26235237717628	0.045451421290636
0.26294457912445	0.043526958674192
0.26353681087494	0.041671451181173
0.26412901282310	0.039883047342300
0.26472124457359	0.038159921765327
0.26531344652176	0.036500267684460
0.26590567827225	0.034902300685644
0.26649788022041	0.033364258706570
0.26709011197090	0.031884405761957
0.26768231391907	0.030461030080914
0.26827454566956	0.029092449694872
0.26886674761772	0.027777004987001
0.26945897936821	0.026513066142797
0.27005118131638	0.025299033150077
0.27064341306686	0.024133333936334
0.27123561501503	0.023014426231384
0.27182784676552	0.021940795704722
0.27242004871368	0.020910963416100
0.27301228046417	0.019923478364944
0.27360451221466	0.018976917490363
0.27419671416283	0.018069894984365
0.27478894591331	0.017201051115990
0.27538114786148	0.016369061544538
0.27597337961197	0.015572630800307
0.27656558156013	0.014810496941209
0.27715781331062	0.014081427827477
0.27775001525879	0.013384223915637
0.27834224700928	0.012717715464532
0.27893444895744	0.012080765329301
0.27952668070793	0.011472266167402
0.28011888265610	0.010891141369939
0.28071111440659	0.010336345061660
0.28130331635475	0.0098068621009588
0.28189554810524	0.0093017043545842
0.28248775005341	0.0088199153542519
0.28307998180389	0.0083605665713549
0.28367218375206	0.0079227592796087
0.28426441550255	0.0075056208297610
0.28485661745071	0.0071083074435592
0.28544884920120	0.0067300023511052
0.28604108095169	0.0063699153251946
0.28663328289986	0.0060272822156549
0.28722551465034	0.0057013644836843
0.28781771659851	0.0053914492018521
0.28840994834900	0.0050968476571143
0.28900215029716	0.0048168953508139
0.28959438204765	0.0045509515330195
0.29018658399582	0.0042983978055418
0.29077881574631	0.0040586395189166
0.29137101769447	0.0038311020471156
0.29196324944496	0.0036152340471745
0.29255545139313	0.0034105037339032
0.29314768314362	0.0032164000440389
0.29373988509178	0.0030324317049235
0.29433211684227	0.0028581260703504
0.29492431879044	0.0026930300518870
0.29551655054092	0.0025367077905685
0.29610875248909	0.0023887411225587
0.29670098423958	0.0022487293463200
0.29729318618774	0.0021162875927985
0.29788541793823	0.0019910475239158
0.29847761988640	0.0018726559355855
0.29906985163689	0.0017607746412978
0.29966208338737	0.0016550798900425
0.30025428533554	0.0015552621334791
0.30084651708603	0.0014610250946134
0.30143871903419	0.0013720854185522
0.30203095078468	0.0012881725560874
0.30262315273285	0.0012090280652046
0.30321538448334	0.0011344050290063
0.30380758643150	0.0010640678228810
0.30439981818199	0.00099779176525772
0.30499202013016	0.00093536247732118
0.30558425188065	0.00087657565018162
0.30617645382881	0.00082123657921329
0.30676868557930	0.00076915981480852
0.30736088752747	0.00072016881313175
0.30795311927795	0.00067409558687359
0.30854532122612	0.00063078018138185
0.30913755297661	0.00059007067466155
0.30972975492477	0.00055182259529829
0.31032198667526	0.00051589857321233
0.31091418862343	0.00048216825234704
0.31150642037392	0.00045050779590383
0.31209865212440	0.00042079971171916
0.31269085407257	0.00039293253212236
0.31328308582306	0.00036680055200122
0.31387528777122	0.00034230350865982
0.31446751952171	0.00031934652361088
0.31505972146988	0.00029783960781060
0.31565195322037	0.00027769760345109
0.31624415516853	0.00025883989292197
0.31683638691902	0.00024119025329128
0.31742858886719	0.00022467652161140
0.31802082061768	0.00020923053671140
0.31861302256584	0.00019478784815874
0.31920525431633	0.00018128759984393
0.31979745626450	0.00016867228259798
0.32038968801498	0.00015688767598476
0.32098188996315	0.00014588254271075
0.32157412171364	0.00013560859952122
0.32216632366180	0.00012602031347342
0.32275855541229	0.00011707477824530
0.32335075736046	0.00010873153951252
0.32394298911095	0.00010095252218889
0.32453522086143	9.3701863079332e-05
0.32512742280960	8.6945816292427e-05
0.32571965456009	8.0652636825107e-05
0.32631185650826	7.4792471423279e-05
0.32690408825874	6.9337256718427e-05
0.32749629020691	6.4260602812283e-05
0.32808852195740	5.9537749621086e-05
0.32868072390556	5.5145417718450e-05
0.32927295565605	5.1061771955574e-05
0.32986515760422	4.7266315959860e-05
0.33045738935471	4.3739826651290e-05
0.33104959130287	4.0464274206897e-05
0.33164182305336	3.7422767491080e-05
0.33223402500153	3.4599470382091e-05
0.33282625675201	3.1979558116291e-05
0.33341845870018	2.9549142709584e-05
0.33401069045067	2.7295227482682e-05
0.33460289239883	2.5205654310412e-05
0.33519512414932	2.3269050871022e-05
0.33578732609749	2.1474783352460e-05
0.33637955784798	1.9812912796624e-05
0.33697175979614	1.8274155081599e-05
0.33756399154663	1.6849837265909e-05
0.33815622329712	1.5531861208729e-05
0.33874842524529	1.4312673556560e-05
0.33934065699577	1.3185221177991e-05
0.33993285894394	1.2142930245318e-05
0.34052509069443	1.1179670764250e-05
0.34111729264259	1.0289729289070e-05
0.34170952439308	9.4677834567847e-06
0.34230172634125	8.7088765212684e-06
0.34289395809174	8.0083918874152e-06
0.34348616003990	7.3620367402327e-06
0.34407839179039	6.7658138505067e-06
0.34467059373856	6.2160074776330e-06
0.34526282548904	5.7091629059869e-06
0.34585502743721	5.2420696192712e-06
0.34644725918770	4.8117440201167e-06
0.34703946113586	4.4154166971566e-06
0.34763169288635	4.0505155993742e-06
0.34822389483452	3.7146539852984e-06
0.34881612658501	3.4056172353303e-06
0.34940832853317	3.1213517104334e-06
0.35000056028366	2.8599538381968e-06
0.35059279203415	2.6196589715255e-06
0.35118499398232	2.3988325210667e-06
0.35177722573280	2.1959604055155e-06
0.35236942768097	2.0096410935366e-06
0.35296165943146	1.8385775319985e-06
0.35355386137962	1.6815694152683e-06
0.35414609313011	1.5375069324364e-06
0.35473829507828	1.4053639461054e-06
0.35533052682877	1.2841919669881e-06
0.35592272877693	1.1731146969396e-06
0.35651496052742	1.0713231404225e-06
0.35710716247559	9.7806992016558e-07
0.35769939422607	8.9266541181132e-07
0.35829159617424	8.1447353750264e-07
0.35888382792473	7.4290733209637e-07
0.35947602987289	6.7742581677521e-07
0.36006826162338	6.1753030422551e-07
0.36066046357155	5.6276132909261e-07
0.36125269532204	5.1269563527967e-07
0.36184489727020	4.6694358957211e-07
0.36243712902069	4.2514653841863e-07
0.36302933096886	3.8697447735103e-07
0.36362156271935	3.5212380566918e-07
0.36421379446983	3.2031545060818e-07
0.36480599641800	2.9129284939700e-07
0.36539822816849	2.6482024395591e-07
0.36599043011665	2.4068108928077e-07
0.36658266186714	2.1867651867069e-07
0.36717486381531	1.9862403632942e-07
0.36776709556580	1.8035611049072e-07
0.36835929751396	1.6371909339341e-07
0.36895152926445	1.4857208441299e-07
0.36954373121262	1.3478592109095e-07
0.37013596296310	1.2224224121837e-07
0.37072816491127	1.1083258755207e-07
0.37132039666176	1.0045766885014e-07
0.37191259860992	9.1026556958695e-08
0.37250483036041	8.2456054428803e-08
0.37309703230858	7.4670047922609e-08
0.37368926405907	6.7598918462863e-08
0.37428146600723	6.1179008525869e-08
0.37487369775772	5.5352163741418e-08
0.37546589970589	5.0065224854734e-08
0.37605813145638	4.5269654691538e-08
0.37665036320686	4.0921129595972e-08
0.37724256515503	3.6979194817377e-08
0.37783479690552	3.3406941213343e-08
0.37842699885368	3.0170703269050e-08
0.37901923060417	2.7239776656529e-08
0.37961143255234	2.4586181979203e-08
0.38020366430283	2.2184419634641e-08
0.38079586625099	2.0011261980812e-08
0.38138809800148	1.8045556160473e-08
0.38198029994965	1.6268051794555e-08
0.38257253170013	1.4661223346479e-08
0.38316473364830	1.3209132454506e-08
0.38375696539879	1.1897284046825e-08
0.38434916734695	1.0712498443866e-08
0.38494139909744	9.6427994478177e-09
0.38553360104561	8.6773068730395e-09
0.38612583279610	7.8061370700766e-09
0.38671803474426	7.0203181046224e-09
0.38731026649475	6.3117076010144e-09
0.38790246844292	5.6729163588898e-09
0.38849470019341	5.0972421838935e-09
0.38908690214157	4.5786099356349e-09
0.38967913389206	4.1115102433764e-09
0.39027136564255	3.6909535428009e-09
0.39086356759071	3.3124185616629e-09
0.39145579934120	2.9718114635813e-09
0.39204800128937	2.6654265461445e-09
0.39264023303986	2.3899102696845e-09
0.39323243498802	2.1422290608086e-09
0.39382466673851	1.9196395584231e-09
0.39441686868668	1.7196609691794e-09
0.39500910043716	1.5400521968800e-09
0.39560130238533	1.3787878616611e-09
0.39619353413582	1.2340389821119e-09
0.39678573608398	1.1041542125056e-09
0.39737796783447	9.8764307843169e-10
0.39797016978264	8.8316076674033e-10
0.39856240153313	7.8949413673257e-10
0.39915460348129	7.0554945219570e-10
0.39974683523178	6.3034083508384e-10
0.40033903717995	5.6297988493270e-10
0.40093126893044	5.0266624196382e-10
0.40152347087860	4.4867923265635e-10
0.40211570262909	4.0037012594141e-10
0.40270793437958	3.5715502777478e-10
0.40330013632774	3.1850869164352e-10
0.40389236807823	2.8395874540621e-10
0.40448457002640	2.5308047324479e-10
0.40507680177689	2.2549216660561e-10
0.40566900372505	2.0085086371857e-10
0.40626123547554	1.7884851932770e-10
0.40685343742371	1.5920857687757e-10
0.40744566917419	1.4168274886650e-10
0.40803787112236	1.2604826904461e-10
0.40863010287285	1.1210532502304e-10
0.40922230482101	9.9674726805610e-11
0.40981453657150	8.8595825120663e-11
0.41040673851967	7.8724679553055e-11
0.41099897027016	6.9932323820687e-11
0.41159117221832	6.2103266973423e-11
0.41218340396881	5.5134105614307e-11
0.41277560591698	4.8932306123683e-11
0.41336783766747	4.3415063211150e-11
0.41396003961563	3.8508325000963e-11
0.41455227136612	3.4145873628599e-11
0.41514447331429	3.0268523798505e-11
0.41573670506477	2.6823392465514e-11
0.41632893681526	2.3763236170482e-11
0.41692113876343	2.1045869907921e-11
0.41751337051392	1.8633636300613e-11
0.41810557246208	1.6492928550660e-11
0.41869780421257	1.4593765432225e-11
0.41929000616074	1.2909409652373e-11
0.41988223791122	1.1416021773736e-11
0.42047443985939	1.0092358372626e-11
0.42106667160988	8.9194884117516e-12
0.42165887355804	7.8805521136482e-12
0.42225110530853	6.9605376150361e-12
0.42284330725670	6.1460814736181e-12
0.42343553900719	5.4252943283706e-12
0.42402774095535	4.7875982692180e-12
0.42461997270584	4.2235880591546e-12
0.42521217465401	3.7249014636642e-12
0.42580440640450	3.2841082284185e-12
0.42639660835266	2.8946068632296e-12
0.42698884010315	2.5505340027487e-12
0.42758104205132	2.2466843923458e-12
0.42817327380180	1.9784380297233e-12
0.42876550555229	1.7416955464672e-12
0.42935770750046	1.5328210705920e-12
0.42994993925095	1.3485905100974e-12
0.43054214119911	1.1861461248971e-12
0.43113437294960	1.0429553271366e-12
0.43172657489777	9.1677468568030e-13
0.43231880664825	8.0561761688774e-13
0.43291100859642	7.0772532799468e-13
0.43350324034691	6.2154122994207e-13
0.43409544229507	5.4568822334053e-13
0.43468767404556	4.7894826125938e-13
0.43527987599373	4.2024454120597e-13
0.43587210774422	3.6862516077790e-13
0.43646430969238	3.2324907724493e-13
0.43705654144287	2.8337339527847e-13
0.43764874339104	2.4834203703888e-13
0.43824097514153	2.1757591659333e-13
0.43883317708969	1.9056399524781e-13
0.43942540884018	1.6685540752889e-13
0.44001761078835	1.4605256294740e-13
0.44060984253883	1.2780488473085e-13
0.44120204448700	1.1180344302274e-13
0.44179427623749	9.7776014986329e-14
0.44238650798798	8.5482836087447e-14
0.44297870993614	7.4712778281791e-14
0.44357094168663	6.5280029645787e-14
0.44416314363480	5.7021045057979e-14
0.44475537538528	4.9791984771397e-14
0.44534757733345	4.3466346109433e-14
0.44593980908394	3.7932920422378e-14
0.44653201103210	3.3093963496249e-14
0.44712424278259	2.8863616683382e-14
0.44771644473076	2.5166463558284e-14
0.44830867648125	2.1936279697007e-14
0.44890087842941	1.9114953557172e-14
0.44949311017990	1.6651481896893e-14
0.45008531212807	1.4501132906226e-14
0.45067754387856	1.2624683877515e-14
0.45126974582672	1.0987741884969e-14
0.45186197757721	9.5601745785231e-15
0.45245417952538	8.3155824823103e-15
0.45304641127586	7.2308415968703e-15
0.45363861322403	6.2857129169615e-15
0.45423084497452	5.4624756662945e-15
0.45482307672501	4.7456316830331e-15
0.45541527867317	4.1216199696921e-15
0.45600751042366	3.5785854531414e-15
0.45659971237183	3.1061629912057e-15
0.45719194412231	2.6952944135470e-15
0.45778414607048	2.3380726676026e-15
0.45837637782097	2.0275859645229e-15
0.45896857976913	1.7578000415918e-15
0.45956081151962	1.5234539771738e-15
0.46015301346779	1.3199543115960e-15
0.46074524521828	1.1432920379189e-15
0.46133744716644	9.8997738039999e-16
0.46192967891693	8.5696440856086e-16
0.46252188086510	7.4160021521072e-16
0.46311411261559	6.4157494150240e-16
0.46370631456375	5.5487264902145e-16
0.46429854631424	4.7974252066589e-16
0.46489074826241	4.1465989713066e-16
0.46548298001289	3.5830001888625e-16
0.46607518196106	3.0950753299262e-16
0.46666741371155	2.6727955244020e-16
0.46725964546204	2.3074193922744e-16
0.46785184741020	1.9913998699833e-16
0.46844407916069	1.7181385708696e-16
0.46903628110886	1.4819264928688e-16
0.46962851285934	1.2778169635689e-16
0.47022071480751	1.1014901149390e-16
0.47081294655800	9.4920629651685e-17
0.47140514850616	8.1772137211457e-17
0.47199738025665	7.0425283850038e-17
0.47258958220482	6.0634430012725e-17
0.47318181395531	5.2187817462706e-17
0.47377401590347	4.4905028182213e-17
0.47436624765396	3.8627243493638e-17
0.47495844960213	3.3217244059525e-17
0.47555068135262	2.8555598234311e-17
0.47614288330078	2.4541085580799e-17
0.47673511505127	2.1084344123054e-17
0.47732731699944	1.8109564412297e-17
0.47791954874992	1.5549830845694e-17
0.47851175069809	1.3347968699307e-17
0.47910398244858	1.1454003029246e-17
0.47969618439674	9.8260057046235e-18
0.48028841614723	8.4271307922330e-18
0.48088064789772	7.2247675236056e-18
0.48147284984589	6.1926578773762e-18
0.48206508159637	5.3062378980746e-18
0.48265728354454	4.5451787949666e-18
0.48324951529503	3.8921163926335e-18
0.48384171724319	3.3322276144984e-18
0.48443394899368	2.8515364169316e-18
0.48502615094185	2.4398784045660e-18
0.48561838269234	2.0866656655610e-18
0.48621058464050	1.7842749033912e-18
0.48680281639099	1.5250828215314e-18
0.48739501833916	1.3031601893507e-18
0.48798725008965	1.1130012926922e-18
0.48857945203781	9.5079448329295e-19
0.48917168378830	8.1188107994325e-19
0.48976388573647	6.9287295085402e-19
0.49035611748695	5.9122899718350e-19
0.49094831943512	5.0440812008994e-19
0.49154055118561	4.2986922073156e-19
0.49213275313377	3.6676526616111e-19
0.49272498488426	3.1297867401046e-19
0.49331721663475	2.6639186191148e-19
0.49390941858292	2.2658131339053e-19
0.49450165033340	1.9354702844761e-19
0.49509385228157	1.6474790824096e-19
0.49568608403206	1.3976043629696e-19
0.49627828598022	1.1900812908923e-19
0.49687051773071	1.0122043719689e-19
0.49746271967888	8.5973844146311e-20
0.49805495142937	7.3691866411124e-20
0.49864715337753	6.2256921623191e-20
0.49923938512802	5.2939559203394e-20
0.49983158707619	4.4892746204478e-20
0.50042378902435	3.7692966152816e-20
0.50101602077484	3.2610768469291e-20
0.50160825252533	2.7952087259392e-20
0.50220048427582	2.2869889575866e-20
0.50279265642166	2.0328790734103e-20
0.50338488817215	1.6940658945086e-20
0.50397711992264	1.4399560103323e-20
0.50456935167313	1.2281977735187e-20
0.50516152381897	9.7408788934245e-21
0.50575375556946	8.8938459461702e-21
0.50634598731995	8.4703294725430e-21
0.50693821907043	6.7762635780344e-21
0.50753045082092	5.0821976835258e-21
0.50812262296677	5.0821976835258e-21
0.50871485471725	3.3881317890172e-21
0.50930708646774	3.3881317890172e-21
0.50989931821823	2.9646153153901e-21
0.51049149036407	2.5410988417629e-21
0.51108372211456	1.6940658945086e-21
0.51167595386505	1.6940658945086e-21
0.51226818561554	1.2705494208815e-21
0.51286035776138	1.2705494208815e-21
0.51345258951187	2.1175823681358e-21
0.51404482126236	1.6940658945086e-21
0.51463705301285	8.4703294725430e-22
0.51522922515869	8.4703294725430e-22
0.51582145690918	0.0000000000000
0.51641368865967	4.2351647362715e-22
0.51700592041016	0.0000000000000
0.51759809255600	4.2351647362715e-22
0.51819032430649	4.2351647362715e-22
0.51878255605698	0.0000000000000
0.51937478780746	0.0000000000000
0.51996701955795	0.0000000000000
0.52055919170380	4.2351647362715e-22
0.52115142345428	0.0000000000000
0.52174365520477	4.2351647362715e-22
0.52233588695526	0.0000000000000
0.52292805910110	4.2351647362715e-22
0.52352029085159	8.4703294725430e-22
0.52411252260208	4.2351647362715e-22
0.52470475435257	0.0000000000000
0.52529692649841	4.2351647362715e-22
0.52588915824890	0.0000000000000
0.52648138999939	0.0000000000000
0.52707362174988	0.0000000000000
0.52766579389572	4.2351647362715e-22
0.52825802564621	4.2351647362715e-22
0.52885025739670	0.0000000000000
0.52944248914719	4.2351647362715e-22
0.53003466129303	0.0000000000000
0.53062689304352	4.2351647362715e-22
0.53121912479401	4.2351647362715e-22
0.53181135654449	4.2351647362715e-22
0.53240358829498	0.0000000000000
0.53299576044083	4.2351647362715e-22
0.53358799219131	4.2351647362715e-22
0.53418022394180	4.2351647362715e-22
0.53477245569229	0.0000000000000
0.53536462783813	0.0000000000000
0.53595685958862	4.2351647362715e-22
0.53654909133911	4.2351647362715e-22
0.53714132308960	4.2351647362715e-22
0.53773349523544	0.0000000000000
0.53832572698593	4.2351647362715e-22
0.53891795873642	0.0000000000000
0.53951019048691	8.4703294725430e-22
0.54010236263275	0.0000000000000
0.54069459438324	0.0000000000000
0.54128682613373	0.0000000000000
0.54187905788422	4.2351647362715e-22
0.54247123003006	0.0000000000000
0.54306346178055	4.2351647362715e-22
0.54365569353104	4.2351647362715e-22
0.54424792528152	4.2351647362715e-22
0.54484009742737	8.4703294725430e-22
0.54543232917786	0.0000000000000
0.54602456092834	4.2351647362715e-22
0.54661679267883	4.2351647362715e-22
0.54720902442932	0.0000000000000
0.54780119657516	4.2351647362715e-22
0.54839342832565	4.2351647362715e-22
0.54898566007614	0.0000000000000
0.54957789182663	0.0000000000000
0.55017006397247	4.2351647362715e-22
0.55076229572296	4.2351647362715e-22
0.55135452747345	4.2351647362715e-22
0.55194675922394	4.2351647362715e-22
0.55253893136978	4.2351647362715e-22
0.55313116312027	0.0000000000000
0.55372339487076	4.2351647362715e-22
0.55431562662125	0.0000000000000
0.55490779876709	4.2351647362715e-22
0.55550003051758	4.2351647362715e-22
0.55609226226807	2.1175823681358e-22
0.55668449401855	4.2351647362715e-22
0.55727666616440	0.0000000000000
0.55786889791489	4.2351647362715e-22
0.55846112966537	0.0000000000000
0.55905336141586	4.2351647362715e-22
0.55964559316635	2.1175823681358e-22
0.56023776531219	2.1175823681358e-22
0.56082999706268	4.2351647362715e-22
0.56142222881317	2.1175823681358e-22
0.56201446056366	0.0000000000000
0.56260663270950	2.1175823681358e-22
0.56319886445999	2.1175823681358e-22
0.56379109621048	6.3527471044073e-22
0.56438332796097	2.1175823681358e-22
0.56497550010681	4.2351647362715e-22
0.56556773185730	2.1175823681358e-22
0.56615996360779	2.1175823681358e-22
0.56675219535828	2.1175823681358e-22
0.56734436750412	0.0000000000000
0.56793659925461	4.2351647362715e-22
0.56852883100510	4.2351647362715e-22
0.56912106275558	4.2351647362715e-22
0.56971323490143	4.2351647362715e-22
0.57030546665192	0.0000000000000
0.57089769840240	4.2351647362715e-22
0.57148993015289	0.0000000000000
0.57208216190338	4.2351647362715e-22
0.57267433404922	0.0000000000000
0.57326656579971	0.0000000000000
0.57385879755020	4.2351647362715e-22
0.57445102930069	4.2351647362715e-22
0.57504320144653	4.2351647362715e-22
0.57563543319702	0.0000000000000
0.57622766494751	0.0000000000000
0.57681989669800	0.0000000000000
0.57741206884384	4.2351647362715e-22
0.57800430059433	4.2351647362715e-22
0.57859653234482	0.0000000000000
0.57918876409531	0.0000000000000
0.57978093624115	0.0000000000000
0.58037316799164	0.0000000000000
0.58096539974213	0.0000000000000
0.58155763149261	0.0000000000000
0.58214980363846	4.2351647362715e-22
0.58274203538895	0.0000000000000
0.58333426713943	4.2351647362715e-22
0.58392649888992	0.0000000000000
0.58451873064041	4.2351647362715e-22
0.58511090278625	4.2351647362715e-22
0.58570313453674	0.0000000000000
0.58629536628723	4.2351647362715e-22
0.58688759803772	4.2351647362715e-22
0.58747977018356	0.0000000000000
0.58807200193405	4.2351647362715e-22
0.58866423368454	4.2351647362715e-22
0.58925646543503	4.2351647362715e-22
0.58984863758087	0.0000000000000
0.59044086933136	4.2351647362715e-22
0.59103310108185	4.2351647362715e-22
0.59162533283234	0.0000000000000
0.59221750497818	0.0000000000000
0.59280973672867	4.2351647362715e-22
0.59340196847916	4.2351647362715e-22
0.59399420022964	0.0000000000000
0.59458637237549	0.0000000000000
0.59517860412598	4.2351647362715e-22
0.59577083587646	4.2351647362715e-22
0.59636306762695	0.0000000000000
0.59695523977280	4.2351647362715e-22
0.59754747152328	4.2351647362715e-22
0.59813970327377	0.0000000000000
0.59873193502426	4.2351647362715e-22
0.59932416677475	4.2351647362715e-22
0.59991633892059	2.1175823681358e-22
0.60050857067108	0.0000000000000
0.60110080242157	0.0000000000000
0.60169303417206	2.1175823681358e-22
0.60228520631790	0.0000000000000
0.60287743806839	0.0000000000000
0.60346966981888	2.1175823681358e-22
0.60406190156937	4.2351647362715e-22
0.60465407371521	2.1175823681358e-22
0.60524630546570	4.2351647362715e-22
0.60583853721619	2.1175823681358e-22
0.60643076896667	0.0000000000000
0.60702294111252	2.1175823681358e-22
0.60761517286301	2.1175823681358e-22
0.60820740461349	2.1175823681358e-22
0.60879963636398	0.0000000000000
0.60939180850983	0.0000000000000
0.60998404026031	2.1175823681358e-22
0.61057627201080	4.2351647362715e-22
0.61116850376129	4.2351647362715e-22
0.61176073551178	0.0000000000000
0.61235290765762	2.1175823681358e-22
0.61294513940811	2.1175823681358e-22
0.61353737115860	2.1175823681358e-22
0.61412960290909	2.1175823681358e-22
0.61472177505493	2.1175823681358e-22
0.61531400680542	2.1175823681358e-22
0.61590623855591	2.1175823681358e-22
0.61649847030640	2.1175823681358e-22
0.61709064245224	2.1175823681358e-22
0.61768287420273	2.1175823681358e-22
0.61827510595322	2.1175823681358e-22
0.61886733770370	4.2351647362715e-22
0.61945950984955	0.0000000000000
0.62005174160004	2.1175823681358e-22
0.62064397335052	2.1175823681358e-22
0.62123620510101	0.0000000000000
0.62182837724686	0.0000000000000
0.62242060899734	0.0000000000000
0.62301284074783	2.1175823681358e-22
0.62360507249832	2.1175823681358e-22
0.62419730424881	4.2351647362715e-22
0.62478947639465	2.1175823681358e-22
0.62538170814514	2.1175823681358e-22
0.62597393989563	0.0000000000000
0.62656617164612	0.0000000000000
0.62715834379196	2.1175823681358e-22
0.62775057554245	0.0000000000000
0.62834280729294	2.1175823681358e-22
0.62893503904343	2.1175823681358e-22
0.62952721118927	0.0000000000000
0.63011944293976	0.0000000000000
0.63071167469025	2.1175823681358e-22
0.63130390644073	2.1175823681358e-22
0.63189607858658	0.0000000000000
0.63248831033707	2.1175823681358e-22
0.63308054208755	0.0000000000000
0.63367277383804	2.1175823681358e-22
0.63426494598389	0.0000000000000
0.63485717773438	2.1175823681358e-22
0.63544940948486	2.1175823681358e-22
0.63604164123535	0.0000000000000
0.63663387298584	2.1175823681358e-22
0.63722604513168	0.0000000000000
0.63781827688217	2.1175823681358e-22
0.63841050863266	2.1175823681358e-22
0.63900274038315	0.0000000000000
0.63959491252899	2.1175823681358e-22
0.64018714427948	2.1175823681358e-22
0.64077937602997	2.1175823681358e-22
0.64137160778046	0.0000000000000
0.64196377992630	0.0000000000000
0.64255601167679	0.0000000000000
0.64314824342728	0.0000000000000
0.64374047517776	2.1175823681358e-22
0.64433264732361	2.1175823681358e-22
0.64492487907410	2.1175823681358e-22
0.64551711082458	2.1175823681358e-22
0.64610934257507	2.1175823681358e-22
0.64670151472092	2.1175823681358e-22
0.64729374647141	2.1175823681358e-22
0.64788597822189	2.1175823681358e-22
0.64847820997238	0.0000000000000
0.64907044172287	4.2351647362715e-22
0.64966261386871	2.1175823681358e-22
0.65025484561920	0.0000000000000
0.65084707736969	0.0000000000000
0.65143930912018	2.1175823681358e-22
0.65203148126602	0.0000000000000
0.65262371301651	2.1175823681358e-22
0.65321594476700	2.1175823681358e-22
0.65380817651749	0.0000000000000
0.65440034866333	2.1175823681358e-22
0.65499258041382	4.2351647362715e-22
0.65558481216431	0.0000000000000
0.65617704391479	2.1175823681358e-22
0.65676921606064	0.0000000000000
0.65736144781113	0.0000000000000
0.65795367956161	0.0000000000000
0.65854591131210	0.0000000000000
0.65913808345795	2.1175823681358e-22
0.65973031520844	2.1175823681358e-22
0.66032254695892	0.0000000000000
0.66091477870941	0.0000000000000
0.66150695085526	2.1175823681358e-22
0.66209918260574	4.2351647362715e-22
0.66269141435623	2.1175823681358e-22
0.66328364610672	0.0000000000000
0.66387587785721	0.0000000000000
0.66446805000305	0.0000000000000
0.66506028175354	2.1175823681358e-22
0.66565251350403	0.0000000000000
0.66624474525452	0.0000000000000
0.66683691740036	4.2351647362715e-22
0.66742914915085	2.1175823681358e-22
0.66802138090134	2.1175823681358e-22
0.66861361265182	2.1175823681358e-22
0.66920578479767	2.1175823681358e-22
0.66979801654816	4.2351647362715e-22
0.67039024829865	0.0000000000000
0.67098248004913	2.1175823681358e-22
0.67157465219498	0.0000000000000
0.67216688394547	2.1175823681358e-22
0.67275911569595	0.0000000000000
0.67335134744644	2.1175823681358e-22
0.67394351959229	0.0000000000000
0.67453575134277	0.0000000000000
0.67512798309326	2.1175823681358e-22
0.67572021484375	0.0000000000000
0.67631244659424	2.1175823681358e-22
0.67690461874008	2.1175823681358e-22
0.67749685049057	2.1175823681358e-22
0.67808908224106	2.1175823681358e-22
0.67868131399155	2.1175823681358e-22
0.67927348613739	2.1175823681358e-22
0.67986571788788	2.1175823681358e-22
0.68045794963837	0.0000000000000
0.68105018138885	2.1175823681358e-22
0.68164235353470	4.2351647362715e-22
0.68223458528519	0.0000000000000
0.68282681703568	0.0000000000000
0.68341904878616	0.0000000000000
0.68401122093201	2.1175823681358e-22
0.68460345268250	2.1175823681358e-22
0.68519568443298	0.0000000000000
0.68578791618347	0.0000000000000
0.68638008832932	2.1175823681358e-22
0.68697232007980	0.0000000000000
0.68756455183029	2.1175823681358e-22
0.68815678358078	0.0000000000000
0.68874901533127	2.1175823681358e-22
0.68934118747711	0.0000000000000
0.68993341922760	4.2351647362715e-22
0.69052565097809	2.1175823681358e-22
0.69111788272858	2.1175823681358e-22
0.69171005487442	2.1175823681358e-22
0.69230228662491	0.0000000000000
0.69289451837540	0.0000000000000
0.69348675012589	0.0000000000000
0.69407892227173	0.0000000000000
0.69467115402222	0.0000000000000
0.69526338577271	0.0000000000000
0.69585561752319	0.0000000000000
0.69644778966904	2.1175823681358e-22
0.69704002141953	0.0000000000000
0.69763225317001	0.0000000000000
0.69822448492050	2.1175823681358e-22
0.69881665706635	2.1175823681358e-22
0.69940888881683	2.1175823681358e-22
0.70000112056732	0.0000000000000
0.70059335231781	0.0000000000000
0.70118558406830	2.1175823681358e-22
0.70177775621414	0.0000000000000
0.70236998796463	0.0000000000000
0.70296221971512	0.0000000000000
0.70355445146561	2.1175823681358e-22
0.70414662361145	0.0000000000000
0.70473885536194	2.1175823681358e-22
0.70533108711243	-2.1175823681358e-22
0.70592331886292	2.1175823681358e-22
0.70651549100876	0.0000000000000
0.70710772275925	0.0000000000000
0.70769995450974	0.0000000000000
0.70829218626022	0.0000000000000
0.70888435840607	2.1175823681358e-22
0.70947659015656	0.0000000000000
0.71006882190704	2.1175823681358e-22
0.71066105365753	0.0000000000000
0.71125322580338	2.1175823681358e-22
0.71184545755386	2.1175823681358e-22
0.71243768930435	0.0000000000000
0.71302992105484	2.1175823681358e-22
0.71362209320068	0.0000000000000
0.71421432495117	2.1175823681358e-22
0.71480655670166	2.1175823681358e-22
0.71539878845215	2.1175823681358e-22
0.71599102020264	0.0000000000000
0.71658319234848	2.1175823681358e-22
0.71717542409897	2.1175823681358e-22
0.71776765584946	2.1175823681358e-22
0.71835988759995	0.0000000000000
0.71895205974579	2.1175823681358e-22
0.71954429149628	2.1175823681358e-22
0.72013652324677	0.0000000000000
0.72072875499725	0.0000000000000
0.72132092714310	0.0000000000000
0.72191315889359	2.1175823681358e-22
0.72250539064407	2.1175823681358e-22
0.72309762239456	2.1175823681358e-22
0.72368979454041	0.0000000000000
0.72428202629089	0.0000000000000
0.72487425804138	2.1175823681358e-22
0.72546648979187	2.1175823681358e-22
0.72605866193771	2.1175823681358e-22
0.72665089368820	0.0000000000000
0.72724312543869	0.0000000000000
0.72783535718918	2.1175823681358e-22
0.72842758893967	2.1175823681358e-22
0.72901976108551	2.1175823681358e-22
0.72961199283600	2.1175823681358e-22
0.73020422458649	0.0000000000000
0.73079645633698	2.1175823681358e-22
0.73138862848282	2.1175823681358e-22
0.73198086023331	2.1175823681358e-22
0.73257309198380	2.1175823681358e-22
0.73316532373428	0.0000000000000
0.73375749588013	2.1175823681358e-22
0.73434972763062	0.0000000000000
0.73494195938110	2.1175823681358e-22
0.73553419113159	0.0000000000000
0.73612636327744	0.0000000000000
0.73671859502792	0.0000000000000
0.73731082677841	2.1175823681358e-22
0.73790305852890	0.0000000000000
0.73849523067474	0.0000000000000
0.73908746242523	0.0000000000000
0.73967969417572	0.0000000000000
0.74027192592621	2.1175823681358e-22
0.74086415767670	0.0000000000000
0.74145632982254	0.0000000000000
0.74204856157303	2.1175823681358e-22
0.74264079332352	2.1175823681358e-22
0.74323302507401	2.1175823681358e-22
0.74382519721985	1.0587911840679e-22
0.74441742897034	0.0000000000000
0.74500966072083	1.0587911840679e-22
0.74560189247131	1.0587911840679e-22
0.74619406461716	1.0587911840679e-22
0.74678629636765	0.0000000000000
0.74737852811813	0.0000000000000
0.74797075986862	1.0587911840679e-22
0.74856293201447	1.0587911840679e-22
0.74915516376495	0.0000000000000
0.74974739551544	1.0587911840679e-22
0.75033962726593	1.0587911840679e-22
0.75093179941177	0.0000000000000
0.75152403116226	0.0000000000000
0.75211626291275	1.0587911840679e-22
0.75270849466324	-1.0587911840679e-22
0.75330072641373	0.0000000000000
0.75389289855957	2.1175823681358e-22
0.75448513031006	1.0587911840679e-22
0.75507736206055	1.0587911840679e-22
0.75566959381104	1.0587911840679e-22
0.75626176595688	0.0000000000000
0.75685399770737	1.0587911840679e-22
0.75744622945786	1.0587911840679e-22
0.75803846120834	1.0587911840679e-22
0.75863063335419	1.0587911840679e-22
0.75922286510468	1.0587911840679e-22
0.75981509685516	1.0587911840679e-22
0.76040732860565	1.0587911840679e-22
0.76099950075150	0.0000000000000
0.76159173250198	1.0587911840679e-22
0.76218396425247	1.0587911840679e-22
0.76277619600296	1.0587911840679e-22
0.76336836814880	1.0587911840679e-22
0.76396059989929	0.0000000000000
0.76455283164978	0.0000000000000
0.76514506340027	1.0587911840679e-22
0.76573729515076	2.1175823681358e-22
0.76632946729660	1.0587911840679e-22
0.76692169904709	0.0000000000000
0.76751393079758	1.0587911840679e-22
0.76810616254807	0.0000000000000
0.76869833469391	0.0000000000000
0.76929056644440	1.0587911840679e-22
0.76988279819489	1.0587911840679e-22
0.77047502994537	0.0000000000000
0.77106720209122	0.0000000000000
0.77165943384171	0.0000000000000
0.77225166559219	1.0587911840679e-22
0.77284389734268	0.0000000000000
0.77343606948853	1.0587911840679e-22
0.77402830123901	1.0587911840679e-22
0.77462053298950	0.0000000000000
0.77521276473999	5.2939559203394e-23
0.77580493688583	5.2939559203394e-23
0.77639716863632	5.2939559203394e-23
0.77698940038681	0.0000000000000
0.77758163213730	0.0000000000000
0.77817380428314	5.2939559203394e-23
0.77876603603363	0.0000000000000
0.77935826778412	5.2939559203394e-23
0.77995049953461	2.6469779601697e-23
0.78054273128510	2.6469779601697e-23
0.78113490343094	2.6469779601697e-23
0.78172713518143	2.6469779601697e-23
0.78231936693192	0.0000000000000
0.78291159868240	1.3234889800848e-23
0.78350377082825	6.6174449004242e-24
0.78409600257874	8.2718061255303e-25
0.78468823432922	0.0000000000000
0.78528046607971	0.0000000000000
0.78587263822556	1.3234889800848e-23
0.78646486997604	-2.6469779601697e-23
0.78705710172653	-2.6469779601697e-23
0.78764933347702	-5.2939559203394e-23
0.78824150562286	0.0000000000000
0.78883373737335	-5.2939559203394e-23
0.78942596912384	0.0000000000000
0.79001820087433	-5.2939559203394e-23
0.79061037302017	-1.0587911840679e-22
0.79120260477066	0.0000000000000
0.79179483652115	-1.0587911840679e-22
0.79238706827164	0.0000000000000
0.79297930002213	-1.0587911840679e-22
0.79357147216797	-1.0587911840679e-22
0.79416370391846	-1.0587911840679e-22
0.79475593566895	-1.0587911840679e-22
0.79534816741943	-1.0587911840679e-22
0.79594033956528	-2.1175823681358e-22
0.79653257131577	-2.1175823681358e-22
0.79712480306625	0.0000000000000
0.79771703481674	-2.1175823681358e-22
0.79830920696259	0.0000000000000
0.79890143871307	-2.1175823681358e-22
0.79949367046356	0.0000000000000
0.80008590221405	0.0000000000000
0.80067807435989	-2.1175823681358e-22
0.80127030611038	-2.1175823681358e-22
0.80186253786087	-2.1175823681358e-22
0.80245476961136	-4.2351647362715e-22
0.80304694175720	-4.2351647362715e-22
0.80363917350769	-4.2351647362715e-22
0.80423140525818	0.0000000000000
0.80482363700867	-4.2351647362715e-22
0.80541586875916	0.0000000000000
0.80600804090500	-4.2351647362715e-22
0.80660027265549	0.0000000000000
0.80719250440598	0.0000000000000
0.80778473615646	0.0000000000000
0.80837690830231	0.0000000000000
0.80896914005280	-8.4703294725430e-22
0.80956137180328	-4.2351647362715e-22
0.81015360355377	-4.2351647362715e-22
0.81074577569962	0.0000000000000
0.81133800745010	-4.2351647362715e-22
0.81193023920059	-4.2351647362715e-22
0.81252247095108	-8.4703294725430e-22
0.81311464309692	-8.4703294725430e-22
0.81370687484741	-8.4703294725430e-22
0.81429910659790	-8.4703294725430e-22
0.81489133834839	-8.4703294725430e-22
0.81548351049423	0.0000000000000
0.81607574224472	-8.4703294725430e-22
0.81666797399521	-8.4703294725430e-22
0.81726020574570	0.0000000000000
0.81785243749619	8.4703294725430e-22
0.81844460964203	0.0000000000000
0.81903684139252	0.0000000000000
0.81962907314301	0.0000000000000
0.82022130489349	-8.4703294725430e-22
0.82081347703934	0.0000000000000
0.82140570878983	0.0000000000000
0.82199794054031	-8.4703294725430e-22
0.82259017229080	-8.4703294725430e-22
0.82318234443665	0.0000000000000
0.82377457618713	-1.6940658945086e-21
0.82436680793762	-8.4703294725430e-22
0.82495903968811	-8.4703294725430e-22
0.82555121183395	-8.4703294725430e-22
0.82614344358444	-8.4703294725430e-22
0.82673567533493	-1.6940658945086e-21
0.82732790708542	-1.6940658945086e-21
0.82792007923126	0.0000000000000
0.82851231098175	0.0000000000000