#Parameters = {ZL=30; C=0; L=100; Lamb=0.05; Li=0; R=1e-13; W=20; Zp2=50; dlump=2; er=2; h=0.8; w1=2.62}
#"Time / ns"	"o1,1 (ZL=30) [Real / W^(1/2)]"
#-------------------------------------------
0.0000000000000	-7.2405680384691e-07
0.00059221748961136	9.0226535576221e-08
0.0011844349792227	-9.0226535576221e-08
0.0017766525270417	-1.0397157979014e-07
0.0023688699584454	-1.4086822375248e-07
0.0029610875062644	-6.1448730548364e-08
0.0035533050540835	3.8347700126451e-08
0.0041455226019025	8.5533834237594e-08
0.0047377399168909	5.7800264130492e-08
0.0053299576975405	1.8850233374224e-08
0.0059221750125289	1.6598789898126e-08
0.0065143927931786	2.0442232795403e-08
0.0071066101081669	4.5878798538013e-09
0.0076988278888166	-1.1461250615241e-08
0.0082910452038050	-1.5830400101891e-08
0.0088832629844546	-2.0043957604798e-08
0.0094754798337817	-3.2170557773270e-08
0.010067697614431	-5.0737437362613e-08
0.010659915395081	-6.4070079019984e-08
0.011252133175731	-5.7761624816521e-08
0.011844350025058	-3.2803249894187e-08
0.012436567805707	-5.9153726361671e-09
0.013028785586357	-2.9735527373731e-09
0.013621003367007	-4.3937621541090e-08
0.014213220216334	-1.1079061579267e-07
0.014805437996984	-1.5548806686638e-07
0.015397655777633	-1.6098064747894e-07
0.015989873558283	-1.4617864962929e-07
0.016582090407610	-1.1622853435256e-07
0.017174307256937	-7.7218970773174e-08
0.017766525968909	-6.3456781163040e-08
0.018358742818236	-7.5898043405687e-08
0.018950959667563	-6.0541879065568e-08
0.019543178379536	-1.9609050383451e-08
0.020135395228863	-2.4757516925433e-08
0.020727613940835	-8.4100641117857e-08
0.021319830790162	-1.5478109105516e-07
0.021912047639489	-2.4844956669767e-07
0.022504266351461	-3.6283128679315e-07
0.023096483200788	-4.1458494592916e-07
0.023688700050116	-3.7516198858611e-07
0.024280918762088	-3.2193270271819e-07
0.024873135611415	-2.9468824891410e-07
0.025465352460742	-2.6647734330254e-07
0.026057571172714	-2.4128917175403e-07
0.026649788022041	-2.4563178158132e-07
0.027242006734014	-2.5900109790200e-07
0.027834223583341	-2.5223098987226e-07
0.028426440432668	-2.4330856263077e-07
0.029018659144640	-2.5759587174434e-07
0.029610875993967	-3.0064137490626e-07
0.030203092843294	-3.7099763972037e-07
0.030795311555266	-4.6365499883905e-07
0.031387530267239	-5.7244966455983e-07
0.031979747116566	-6.8128969132886e-07
0.032571963965893	-7.6601946830124e-07
0.033164180815220	-8.2352954677845e-07
0.033756397664547	-8.7413553728766e-07
0.034348614513874	-9.2549936425712e-07
0.034940835088491	-9.7116367214767e-07
0.035533051937819	-1.0232747627015e-06
0.036125268787146	-1.0972169093293e-06
0.036717485636473	-1.1743065897463e-06
0.037309702485800	-1.2313394108787e-06
0.037901919335127	-1.2777649089912e-06
0.038494139909744	-1.3218689218775e-06
0.039086356759071	-1.3594100209957e-06
0.039678573608398	-1.4048238199393e-06
0.040270790457726	-1.4651177480118e-06
0.040863007307053	-1.5211570598694e-06
0.041455227881670	-1.5928817447275e-06
0.042047444730997	-1.7322247458651e-06
0.042639661580324	-1.9189656086382e-06
0.043231878429651	-2.0985949049646e-06
0.043824095278978	-2.2880371943756e-06
0.044416312128305	-2.5100973743974e-06
0.045008532702923	-2.7202702312934e-06
0.045600749552250	-2.8942179142177e-06
0.046192966401577	-3.0759276796744e-06
0.046785183250904	-3.2835973797773e-06
0.047377400100231	-3.4918564324471e-06
0.047969620674849	-3.7180411709414e-06
0.048561837524176	-4.0025656744547e-06
0.049154054373503	-4.3270142668916e-06
0.049746271222830	-4.6358691179194e-06
0.050338488072157	-4.9109808060166e-06
0.050930704921484	-5.1821416491293e-06
0.051522925496101	-5.4894594541111e-06
0.052115142345428	-5.8432005971554e-06
0.052707359194756	-6.2236777012004e-06
0.053299576044083	-6.6201519075548e-06
0.053891792893410	-7.0261257860693e-06
0.054484013468027	-7.4317490543763e-06
0.055076230317354	-7.8541670518462e-06
0.055668447166681	-8.3210125012556e-06
0.056260664016008	-8.8241158664459e-06
0.056852880865335	-9.3370626927936e-06
0.057445097714663	-9.8708806035575e-06
0.058037318289280	-1.0457609278092e-05
0.058629535138607	-1.1094860383309e-05
0.059221751987934	-1.1767970136134e-05
0.059813968837261	-1.2484587387007e-05
0.060406185686588	-1.3240606676845e-05
0.060998406261206	-1.4020250091562e-05
0.061590623110533	-1.4845871191937e-05
0.062182839959860	-1.5747029465274e-05
0.062775060534477	-1.6708889233996e-05
0.063367277383804	-1.7717733499012e-05
0.063959494233131	-1.8789771274896e-05
0.064551711082458	-1.9912666175514e-05
0.065143927931786	-2.1052162992419e-05
0.065736144781113	-2.2230573449633e-05
0.066328361630440	-2.3490760213463e-05
0.066920578479767	-2.4819621103234e-05
0.067512795329094	-2.6194054953521e-05
0.068105012178421	-2.7637928724289e-05
0.068697229027748	-2.9172646463849e-05
0.069289453327656	-3.0784842238063e-05
0.069881670176983	-3.2474847103003e-05
0.070473887026310	-3.4253254852956e-05
0.071066103875637	-3.6107747291680e-05
0.071658320724964	-3.8029240386095e-05
0.072250537574291	-4.0031143726083e-05
0.072842754423618	-4.2141193262069e-05
0.073434971272945	-4.4384436478140e-05
0.074027188122272	-4.6758086682530e-05
0.074619404971600	-4.9237023631576e-05
0.075211621820927	-5.1816492486978e-05
0.075803838670254	-5.4511758207809e-05
0.076396062970161	-5.7316639868077e-05
0.076988279819489	-6.0227830545045e-05
0.077580496668816	-6.3280218455475e-05
0.078172713518143	-6.6500972025096e-05
0.078764930367470	-6.9874586188234e-05
0.079357147216797	-7.3397604865022e-05
0.079949364066124	-7.7092685387470e-05
0.080541580915451	-8.0949510447681e-05
0.081133797764778	-8.4947343566455e-05
0.081726014614105	-8.9109555119649e-05
0.082318231463432	-9.3463844677899e-05
0.082910455763340	-9.8004333267454e-05
0.083502672612667	-0.00010272429062752
0.084094889461994	-0.00010763670434244
0.084687106311321	-0.00011274744611001
0.085279323160648	-0.00011806441762019
0.085871540009975	-0.00012361266999505
0.086463756859303	-0.00012939366570208
0.087055973708630	-0.00013538570783567
0.087648190557957	-0.00014160473074298
0.088240407407284	-0.00014808920968790
0.088832624256611	-0.00015483981405850
0.089424848556519	-0.00016185022832360
0.090017065405846	-0.00016913638683036
0.090609282255173	-0.00017670472152531
0.091201499104500	-0.00018454139353707
0.091793715953827	-0.00019265193259344
0.092385932803154	-0.00020105730800424
0.092978149652481	-0.00020977111125831
0.093570366501808	-0.00021880365966354
0.094162583351135	-0.00022816770069767
0.094754800200462	-0.00023787171812728
0.095347017049789	-0.00024792831391096
0.095939241349697	-0.00025833607651293
0.096531458199024	-0.00026908691506833
0.097123675048351	-0.00028019063756801
0.097715891897678	-0.00029167596949264
0.098308108747005	-0.00030355088529177
0.098900325596333	-0.00031581099028699
0.099492542445660	-0.00032848404953256
0.10008475929499	-0.00034158938797191
0.10067697614431	-0.00035511187161319
0.10126919299364	-0.00036904367152601
0.10186140984297	-0.00038340681931004
0.10245363414288	-0.00039820524398237
0.10304585099220	-0.00041344715282321
0.10363806784153	-0.00042916927486658
0.10423028469086	-0.00044539419468492
0.10482250154018	-0.00046210191794671
0.10541471838951	-0.00047927501145750
0.10600693523884	-0.00049692281754687
0.10659915208817	-0.00051505607552826
0.10719136893749	-0.00053368974477053
0.10778358578682	-0.00055285100825131
0.10837580263615	-0.00057255459250882
0.10896802693605	-0.00059277948457748
0.10956024378538	-0.00061352661577985
0.11015246063471	-0.00063481158576906
0.11074467748404	-0.00065663282293826
0.11133689433336	-0.00067899620626122
0.11192911118269	-0.00070192228304222
0.11252132803202	-0.00072542007546872
0.11311354488134	-0.00074947858229280
0.11370576173067	-0.00077408930519596
0.11429797858000	-0.00079927314072847
0.11489019542933	-0.00082503480371088
0.11548241972923	-0.00085138011490926
0.11607463657856	-0.00087831134442240
0.11666685342789	-0.00090582750272006
0.11725907027721	-0.00093391968403012
0.11785128712654	-0.00096260325517505
0.11844350397587	-0.00099185877479613
0.11903572082520	-0.0010216892696917
0.11962793767452	-0.0010521174408495
0.12022015452385	-0.0010831230320036
0.12081237137318	-0.0011146831093356
0.12140458822250	-0.0011468238662928
0.12199681252241	-0.0011795564787462
0.12258902937174	-0.0012128591770306
0.12318124622107	-0.0012467073975131
0.12377346307039	-0.0012811089400202
0.12436567991972	-0.0013160565868020
0.12495789676905	-0.0013515540631488
0.12555012106895	-0.0013875819277018
0.12614233791828	-0.0014241560129449
0.12673455476761	-0.0014612500090152
0.12732677161694	-0.0014988300390542
0.12791898846626	-0.0015368798049167
0.12851120531559	-0.0015754099003971
0.12910342216492	-0.0016144085675478
0.12969563901424	-0.0016538768541068
0.13028785586357	-0.0016937990440056
0.13088007271290	-0.0017341489437968
0.13147228956223	-0.0017749031540006
0.13206450641155	-0.0018160555046052
0.13265672326088	-0.0018575816648081
0.13324894011021	-0.0018994550919160
0.13384115695953	-0.0019416670547798
0.13443337380886	-0.0019841992761940
0.13502559065819	-0.0020270401146263
0.13561780750751	-0.0020701622124761
0.13621002435684	-0.0021135481074452
0.13680224120617	-0.0021571528632194
0.13739445805550	-0.0022009660024196
0.13798667490482	-0.0022449716925621
0.13857890665531	-0.0022891263943166
0.13917112350464	-0.0023334093857557
0.13976334035397	-0.0023777920287102
0.14035555720329	-0.0024222673382610
0.14094777405262	-0.0024667971301824
0.14153999090195	-0.0025113623123616
0.14213220775127	-0.0025559123605490
0.14272442460060	-0.0026004151441157
0.14331664144993	-0.0026448327116668
0.14390885829926	-0.0026891748420894
0.14450107514858	-0.0027333954349160
0.14509329199791	-0.0027774546761066
0.14568550884724	-0.0028213055338711
0.14627772569656	-0.0028649440500885
0.14686994254589	-0.0029083120170981
0.14746215939522	-0.0029513908084482
0.14805437624454	-0.0029941436368972
0.14864659309387	-0.0030365453567356
0.14923880994320	-0.0030785570852458
0.14983102679253	-0.0031201508827507
0.15042324364185	-0.0031612836755812
0.15101546049118	-0.0032019279897213
0.15160767734051	-0.0032420260831714
0.15219990909100	-0.0032815800514072
0.15279212594032	-0.0033205328509212
0.15338434278965	-0.0033588770311326
0.15397655963898	-0.0033965550828725
0.15456877648830	-0.0034335330128670
0.15516099333763	-0.0034697786904871
0.15575321018696	-0.0035052788443863
0.15634542703629	-0.0035400080960244
0.15693764388561	-0.0035739080049098
0.15752986073494	-0.0036069543566555
0.15812207758427	-0.0036391359753907
0.15871429443359	-0.0036703937221318
0.15930651128292	-0.0037007182836533
0.15989872813225	-0.0037300956901163
0.16049094498158	-0.0037584735546261
0.16108316183090	-0.0037858157884330
0.16167537868023	-0.0038121163379401
0.16226759552956	-0.0038373698480427
0.16285981237888	-0.0038615330122411
0.16345202922821	-0.0038846051320434
0.16404424607754	-0.0039065335877240
0.16463646292686	-0.0039273118600249
0.16522869467735	-0.0039469064213336
0.16582091152668	-0.0039652977138758
0.16641312837601	-0.0039824745617807
0.16700534522533	-0.0039984444156289
0.16759756207466	-0.0040131881833076
0.16818977892399	-0.0040266886353493
0.16878199577332	-0.0040389387868345
0.16937421262264	-0.0040499027818441
0.16996642947197	-0.0040595834143460
0.17055864632130	-0.0040680025704205
0.17115086317062	-0.0040751327760518
0.17174308001995	-0.0040809703059494
0.17233529686928	-0.0040854904800653
0.17292751371861	-0.0040887100622058
0.17351973056793	-0.0040906150825322
0.17411194741726	-0.0040912707336247
0.17470416426659	-0.0040906420908868
0.17529638111591	-0.0040887240320444
0.17588859796524	-0.0040855580009520
0.17648081481457	-0.0040811160579324
0.17707303166389	-0.0040753693319857
0.17766524851322	-0.0040683941915631
0.17825748026371	-0.0040601920336485
0.17884969711304	-0.0040507647208869
0.17944191396236	-0.0040401257574558
0.18003413081169	-0.0040283398702741
0.18062634766102	-0.0040153549052775
0.18121856451035	-0.0040012430399656
0.18181078135967	-0.0039860010147095
0.18240299820900	-0.0039696749299765
0.18299521505833	-0.0039522536098957
0.18358743190765	-0.0039337826892734
0.18417964875698	-0.0039142724126577
0.18477186560631	-0.0038937819190323
0.18536408245564	-0.0038723056204617
0.18595629930496	-0.0038498882204294
0.18654851615429	-0.0038265588227659
0.18714073300362	-0.0038023449014872
0.18773294985294	-0.0037772930227220
0.18832516670227	-0.0037514509167522
0.18891738355160	-0.0037248278968036
0.18950960040092	-0.0036974616814405
0.19010181725025	-0.0036694197915494
0.19069403409958	-0.0036407052539289
0.19128626585007	-0.0036113529931754
0.19187848269939	-0.0035814098082483
0.19247069954872	-0.0035508957225829
0.19306291639805	-0.0035198789555579
0.19365513324738	-0.0034883895423263
0.19424735009670	-0.0034564689267427
0.19483956694603	-0.0034241427201778
0.19543178379536	-0.0033914621453732
0.19602400064468	-0.0033584628254175
0.19661621749401	-0.0033251938875765
0.19720843434334	-0.0032916956115514
0.19780065119267	-0.0032580113038421
0.19839286804199	-0.0032241644803435
0.19898508489132	-0.0031901856418699
0.19957730174065	-0.0031561153009534
0.20016951858997	-0.0031220300588757
0.20076173543930	-0.0030879222322255
0.20135395228863	-0.0030538621358573
0.20194616913795	-0.0030198900494725
0.20253838598728	-0.0029860243666917
0.20313060283661	-0.0029522855766118
0.20372281968594	-0.0029187477193773
0.20431503653526	-0.0028854324482381
0.20490726828575	-0.0028523630462587
0.20549948513508	-0.0028195676859468
0.20609170198441	-0.0027871062047780
0.20668391883373	-0.0027549997903407
0.20727613568306	-0.0027232577558607
0.20786835253239	-0.0026919015217572
0.20846056938171	-0.0026609774213284
0.20905278623104	-0.0026305078063160
0.20964500308037	-0.0026005324907601
0.21023721992970	-0.0025710749905556
0.21082943677902	-0.0025421450845897
0.21142165362835	-0.0025137637276202
0.21201387047768	-0.0024859667755663
0.21260608732700	-0.0024587663356215
0.21319830417633	-0.0024321663659066
0.21379052102566	-0.0024061955045909
0.21438273787498	-0.0023808609694242
0.21497495472431	-0.0023561909329146
0.21556717157364	-0.0023322156630456
0.21615938842297	-0.0023089339956641
0.21675160527229	-0.0022863480262458
0.21734382212162	-0.0022644549608231
0.21793605387211	-0.0022432587575167
0.21852827072144	-0.0022227745503187
0.21912048757076	-0.0022030265536159
0.21971270442009	-0.0021840045228601
0.22030492126942	-0.0021656907629222
0.22089713811874	-0.0021480983123183
0.22148935496807	-0.0021312474273145
0.22208157181740	-0.0021151285618544
0.22267378866673	-0.0020997242536396
0.22326600551605	-0.0020850407890975
0.22385822236538	-0.0020710732787848
0.22445043921471	-0.0020578114781529
0.22504265606403	-0.0020452209282666
0.22563487291336	-0.0020333288703114
0.22622708976269	-0.0020221397280693
0.22681930661201	-0.0020116192754358
0.22741152346134	-0.0020017540082335
0.22800374031067	-0.0019925294909626
0.22859595716000	-0.0019839203450829
0.22918817400932	-0.0019759002607316
0.22978039085865	-0.0019684892613441
0.23037260770798	-0.0019616603385657
0.23096483945847	-0.0019554102327675
0.23155705630779	-0.0019496940076351
0.23214927315712	-0.0019444942008704
0.23274149000645	-0.0019398070871830
0.23333370685577	-0.0019355990225449
0.23392592370510	-0.0019318636041135
0.23451814055443	-0.0019285747548565
0.23511035740376	-0.0019256982486695
0.23570257425308	-0.0019232162740082
0.23629479110241	-0.0019210978643969
0.23688700795174	-0.0019193424377590
0.23747922480106	-0.0019179126247764
0.23807144165039	-0.0019167809514329
0.23866365849972	-0.0019159374060109
0.23925587534904	-0.0019153390312567
0.23984809219837	-0.0019149559084326
0.24044030904770	-0.0019147717393935
0.24103252589703	-0.0019147798884660
0.24162474274635	-0.0019149513682351
0.24221695959568	-0.0019152550958097
0.24280917644501	-0.0019156588241458
0.24340139329433	-0.0019161368254572
0.24399362504482	-0.0019166532438248
0.24458584189415	-0.0019171861931682
0.24517805874348	-0.0019177318317816
0.24577027559280	-0.0019182681571692
0.24636249244213	-0.0019187678117305
0.24695470929146	-0.0019191798055544
0.24754692614079	-0.0019195090280846
0.24813914299011	-0.0019197489600629
0.24873135983944	-0.0019198454683647
0.24932357668877	-0.0019197794608772
0.24991579353809	-0.0019195311469957
0.25050801038742	-0.0019190791063011
0.25110024213791	-0.0019184073898941
0.25169244408607	-0.0019174893386662
0.25228467583656	-0.0019163247197866
0.25287687778473	-0.0019148925784975
0.25346910953522	-0.0019131668377668
0.25406131148338	-0.0019111254950985
0.25465354323387	-0.0019087424734607
0.25524574518204	-0.0019060213817284
0.25583797693253	-0.0019029494142160
0.25643017888069	-0.0018995020072907
0.25702241063118	-0.0018956729909405
0.25761461257935	-0.0018914412939921
0.25820684432983	-0.0018867850303650
0.25879904627800	-0.0018817113013938
0.25939127802849	-0.0018762104446068
0.25998347997665	-0.0018702619709074
0.26057571172714	-0.0018638628534973
0.26116791367531	-0.0018570114625618
0.26176014542580	-0.0018496962729841
0.26235234737396	-0.0018418937688693
0.26294457912445	-0.0018336195498705
0.26353678107262	-0.0018248857231811
0.26412901282310	-0.0018156478181481
0.26472124457359	-0.0018059061840177
0.26531344652176	-0.0017956787487492
0.26590567827225	-0.0017849614378065
0.26649788022041	-0.0017737542511895
0.26709011197090	-0.0017620516009629
0.26768231391907	-0.0017498636152595
0.26827454566956	-0.0017371851718053
0.26886674761772	-0.0017240078886971
0.26945897936821	-0.0017103656427935
0.27005118131638	-0.0016962684458122
0.27064341306686	-0.0016816902207211
0.27123561501503	-0.0016666353913024
0.27182784676552	-0.0016511159483343
0.27242004871368	-0.0016351495869458
0.27301228046417	-0.0016187491128221
0.27360448241234	-0.0016019085887820
0.27419671416283	-0.0015846471069381
0.27478891611099	-0.0015669701388106
0.27538114786148	-0.0015488895587623
0.27597334980965	-0.0015304312109947
0.27656558156013	-0.0015115919522941
0.27715781331062	-0.0014923928538337
0.27775001525879	-0.0014728346141055
0.27834224700928	-0.0014529211912304
0.27893444895744	-0.0014326949603856
0.27952668070793	-0.0014121584827080
0.28011888265610	-0.0013913151342422
0.28071111440659	-0.0013701939024031
0.28130331635475	-0.0013488170225173
0.28189554810524	-0.0013271959032863
0.28248775005341	-0.0013053356669843
0.28307998180389	-0.0012832607608289
0.28367218375206	-0.0012609958648682
0.28426441550255	-0.0012385409791023
0.28485661745071	-0.0012159181060269
0.28544884920120	-0.0011931608896703
0.28604105114937	-0.0011702704941854
0.28663328289986	-0.0011472628684714
0.28722548484802	-0.0011241679312661
0.28781771659851	-0.0011010003509000
0.28840991854668	-0.0010777714196593
0.28900215029716	-0.0010545003460720
0.28959435224533	-0.0010312278755009
0.29018658399582	-0.0010079607600346
0.29077881574631	-0.00098469166550785
0.29137101769447	-0.00096145551651716
0.29196324944496	-0.00093827489763498
0.29255545139313	-0.00091515696840361
0.29314768314362	-0.00089211796876043
0.29373988509178	-0.00086918694432825
0.29433211684227	-0.00084638694534078
0.29492431879044	-0.00082371744792908
0.29551655054092	-0.00080119870835915
0.29610875248909	-0.00077886169310659
0.29670098423958	-0.00075670913793147
0.29729318618774	-0.00073475204408169
0.29788541793823	-0.00071301037678495
0.29847761988640	-0.00069149053888395
0.29906985163689	-0.00067021913127974
0.29966205358505	-0.00064920185832307
0.30025428533554	-0.00062843761406839
0.30084648728371	-0.00060796650359407
0.30143871903419	-0.00058779923710972
0.30203092098236	-0.00056793936528265
0.30262315273285	-0.00054839649237692
0.30321535468102	-0.00052917574066669
0.30380758643150	-0.00051029492169619
0.30439981818199	-0.00049175659660250
0.30499202013016	-0.00047358416486531
0.30558425188065	-0.00045578199205920
0.30617645382881	-0.00043833622476086
0.30676868557930	-0.00042127503547817
0.30736088752747	-0.00040460124728270
0.30795311927795	-0.00038831360870972
0.30854532122612	-0.00037243484985083
0.30913755297661	-0.00035696726990864
0.30972975492477	-0.00034190743463114
0.31032198667526	-0.00032724643824622
0.31091418862343	-0.00031298919930123
0.31150642037392	-0.00029916741186753
0.31209862232208	-0.00028577769990079
0.31269085407257	-0.00027280178619549
0.31328305602074	-0.00026024485123344
0.31387528777122	-0.00024810287868604
0.31446748971939	-0.00023638046695851
0.31505972146988	-0.00022507811081596
0.31565192341805	-0.00021419842960313
0.31624415516853	-0.00020375491294544
0.31683638691902	-0.00019372226961423
0.31742858886719	-0.00018409371841699
0.31802082061768	-0.00017487637524027
0.31861302256584	-0.00016606018471066
0.31920525431633	-0.00015765590069350
0.31979745626450	-0.00014965276932344
0.32038968801498	-0.00014203105820343
0.32098188996315	-0.00013479555491358
0.32157412171364	-0.00012794093345292
0.32216632366180	-0.00012145536311436
0.32275855541229	-0.00011534106306499
0.32335075736046	-0.00010959284554701
0.32394298911095	-0.00010419254977023
0.32453519105911	-9.9131299066357e-05
0.32512742280960	-9.4412316684611e-05
0.32571962475777	-9.0030487626791e-05
0.32631185650826	-8.5956002294552e-05
0.32690405845642	-8.2188664237037e-05
0.32749629020691	-7.8736477007624e-05
0.32808849215508	-7.5573851063382e-05
0.32868072390556	-7.2698014264461e-05
0.32927292585373	-7.0093570684548e-05
0.32986515760422	-6.7742374085356e-05
0.33045738935471	-6.5645785070956e-05
0.33104959130287	-6.3787680119276e-05
0.33164182305336	-6.2169456214178e-05
0.33223402500153	-6.0784142988268e-05
0.33282625675201	-5.9614689234877e-05
0.33341845870018	-5.8653669839259e-05
0.33401069045067	-5.7879555242835e-05
0.33460289239883	-5.7287397794425e-05
0.33519512414932	-5.6875702284742e-05
0.33578732609749	-5.6625434808666e-05
0.33637955784798	-5.6522192608099e-05
0.33697175979614	-5.6554963521194e-05
0.33756399154663	-5.6724427849986e-05
0.33815619349480	-5.7027860748349e-05
0.33874842524529	-5.7440120144747e-05
0.33934062719345	-5.7953897339758e-05
0.33993285894394	-5.8561803598423e-05
0.34052506089211	-5.9254161897115e-05
0.34111729264259	-6.0041766118957e-05
0.34170949459076	-6.0896843933733e-05
0.34230172634125	-6.1799801187590e-05
0.34289395809174	-6.2756400438957e-05
0.34348616003990	-6.3747829699423e-05
0.34407839179039	-6.4769214077387e-05
0.34467059373856	-6.5819265728351e-05
0.34526282548904	-6.6898333898280e-05
0.34585502743721	-6.7991662945133e-05
0.34644725918770	-6.9077592343092e-05
0.34703946113586	-7.0173133281060e-05
0.34763169288635	-7.1269314503297e-05
0.34822389483452	-7.2341856139246e-05
0.34881612658501	-7.3394949140493e-05
0.34940832853317	-7.4425406637602e-05
0.35000056028366	-7.5426905823406e-05
0.35059276223183	-7.6396696385927e-05
0.35118499398232	-7.7320844866335e-05
0.35177719593048	-7.8194781963248e-05
0.35236942768097	-7.9025208833627e-05
0.35296162962914	-7.9808232840151e-05
0.35355386137962	-8.0542071373202e-05
0.35414606332779	-8.1214879173785e-05
0.35473829507828	-8.1820347986650e-05
0.35533049702644	-8.2364596892148e-05
0.35592272877693	-8.2841914263554e-05
0.35651496052742	-8.3262020780239e-05
0.35710716247559	-8.3615937910508e-05
0.35769939422607	-8.3890517998952e-05
0.35829159617424	-8.4096289356239e-05
0.35888382792473	-8.4222883742768e-05
0.35947602987289	-8.4270788647700e-05
0.36006826162338	-8.4244216850493e-05
0.36066046357155	-8.4143823187333e-05
0.36125269532204	-8.3982129581273e-05
0.36184489727020	-8.3743951108772e-05
0.36243712902069	-8.3425897173584e-05
0.36302933096886	-8.3048529631924e-05
0.36362156271935	-8.2593949628063e-05
0.36421376466751	-8.2051905337721e-05
0.36480599641800	-8.1444457464386e-05
0.36539819836617	-8.0772231740411e-05
0.36599043011665	-8.0033220001496e-05
0.36658263206482	-7.9228273534682e-05
0.36717486381531	-7.8365235822275e-05
0.36776706576347	-7.7445823990274e-05
0.36835929751396	-7.6452415669337e-05
0.36895149946213	-7.5404946983326e-05
0.36954373121262	-7.4305906309746e-05
0.37013596296310	-7.3145536589436e-05
0.37072816491127	-7.1947506512515e-05
0.37132039666176	-7.0705376856495e-05
0.37191259860992	-6.9418136263266e-05
0.37250483036041	-6.8092776928097e-05
0.37309703230858	-6.6723412601277e-05
0.37368926405907	-6.5316642576363e-05
0.37428146600723	-6.3880361267366e-05
0.37487369775772	-6.2426181102637e-05
0.37546589970589	-6.0946546000196e-05
0.37605813145638	-5.9431731642690e-05
0.37665033340454	-5.7899706007447e-05
0.37724256515503	-5.6358472647844e-05
0.37783476710320	-5.4802338127047e-05
0.37842699885368	-5.3236246458255e-05
0.37901920080185	-5.1661900215549e-05
0.37961143255234	-5.0076541810995e-05
0.38020363450050	-4.8488753236597e-05
0.38079586625099	-4.6908389776945e-05
0.38138806819916	-4.5342283556238e-05
0.38198029994965	-4.3779724364867e-05
0.38257253170013	-4.2223957279930e-05
0.38316473364830	-4.0694885683479e-05
0.38375696539879	-3.9174585253932e-05
0.38434916734695	-3.7660152884200e-05
0.38494139909744	-3.6165663914289e-05
0.38553360104561	-3.4690379834501e-05
0.38612583279610	-3.3242587960558e-05
0.38671803474426	-3.1825624319026e-05
0.38731026649475	-3.0443976356764e-05
0.38790246844292	-2.9090877433191e-05
0.38849470019341	-2.7756843337556e-05
0.38908690214157	-2.6461595552973e-05
0.38967913389206	-2.5208966690116e-05
0.39027133584023	-2.3986727683223e-05
0.39086356759071	-2.2806261767983e-05
0.39145576953888	-2.1665684471373e-05
0.39204800128937	-2.0556797608151e-05
0.39264020323753	-1.9489818441798e-05
0.39323243498802	-1.8458025806467e-05
0.39382463693619	-1.7471158571425e-05
0.39441686868668	-1.6535524991923e-05
0.39500907063484	-1.5635878298781e-05
0.39560130238533	-1.4783282495046e-05
0.39619353413582	-1.3977419257571e-05
0.39678573608398	-1.3223499991000e-05
0.39737796783447	-1.2514943591668e-05
0.39797016978264	-1.1831578376587e-05
0.39856240153313	-1.1199147593288e-05
0.39915460348129	-1.0618167834764e-05
0.39974683523178	-1.0076194485009e-05
0.40033903717995	-9.5793666332611e-06
0.40093126893044	-9.1249321485520e-06
0.40152347087860	-8.7181488197530e-06
0.40211570262909	-8.3504692156566e-06
0.40270790457726	-8.0197396528092e-06
0.40330013632774	-7.7364147728076e-06
0.40389233827591	-7.4898603088513e-06
0.40448457002640	-7.2825814640964e-06
0.40507677197456	-7.1223184932023e-06
0.40566900372505	-6.9938319029461e-06
0.40626120567322	-6.8991275838926e-06
0.40685343742371	-6.8453223320830e-06
0.40744563937187	-6.8239128268033e-06
0.40803787112236	-6.8307476794871e-06
0.40863007307053	-6.8602530518547e-06
0.40922230482101	-6.9249008447514e-06
0.40981453657150	-7.0239943852357e-06
0.41040673851967	-7.1433473749494e-06
0.41099897027016	-7.2955022005772e-06
0.41159117221832	-7.4700001277961e-06
0.41218340396881	-7.6635178629658e-06
0.41277560591698	-7.8891916928114e-06
0.41336783766747	-8.1350290201954e-06
0.41396003961563	-8.3960167103214e-06
0.41455227136612	-8.6670424934709e-06
0.41514447331429	-8.9433597167954e-06
0.41573670506477	-9.2352975116228e-06
0.41632890701294	-9.5472951215925e-06
0.41692113876343	-9.8723576229531e-06
0.41751334071159	-1.0204004865955e-05
0.41810557246208	-1.0540367838985e-05
0.41869777441025	-1.0886064046645e-05
0.41929000616074	-1.1234284102102e-05
0.41988220810890	-1.1577653822314e-05
0.42047443985939	-1.1937137060158e-05
0.42106664180756	-1.2301733477216e-05
0.42165887355804	-1.2652468285523e-05
0.42225110530853	-1.3003957974433e-05
0.42284330725670	-1.3355647752178e-05
0.42343553900719	-1.3706828212889e-05
0.42402774095535	-1.4044776435185e-05
0.42461997270584	-1.4368351003213e-05
0.42521217465401	-1.4694833225803e-05
0.42580440640450	-1.5014707059890e-05
0.42639660835266	-1.5333231203840e-05
0.42698884010315	-1.5646199244657e-05
0.42758104205132	-1.5937710486469e-05
0.42817327380180	-1.6214562492678e-05
0.42876547574997	-1.6477879398735e-05
0.42935770750046	-1.6737831174396e-05
0.42994990944862	-1.6994641555357e-05
0.43054214119911	-1.7229096556548e-05
0.43113434314728	-1.7447779100621e-05
0.43172657489777	-1.7652131646173e-05
0.43231877684593	-1.7833437595982e-05
0.43291100859642	-1.8003778677667e-05
0.43350321054459	-1.8161221305490e-05
0.43409544229507	-1.8304708646610e-05
0.43468764424324	-1.8434286175761e-05
0.43527987599373	-1.8542121324572e-05
0.43587210774422	-1.8640665075509e-05
0.43646430969238	-1.8717759303399e-05
0.43705654144287	-1.8773373085423e-05
0.43764874339104	-1.8822733181878e-05
0.43824097514153	-1.8848129911930e-05
0.43883317708969	-1.8855378584703e-05
0.43942540884018	-1.8844802980311e-05
0.44001761078835	-1.8816705050995e-05
0.44060984253883	-1.8784076019074e-05
0.44120204448700	-1.8725728295976e-05
0.44179427623749	-1.8645432646736e-05
0.44238647818565	-1.8565335267340e-05
0.44297870993614	-1.8472275769454e-05
0.44357091188431	-1.8353062841925e-05
0.44416314363480	-1.8215063391835e-05
0.44475534558296	-1.8068298231810e-05
0.44534757733345	-1.7915186617756e-05
0.44593977928162	-1.7744901924743e-05
0.44653201103210	-1.7559221305419e-05
0.44712421298027	-1.7368878616253e-05
0.44771644473076	-1.7164475138998e-05
0.44830864667892	-1.6955598766799e-05
0.44890087842941	-1.6742176740081e-05
0.44949311017990	-1.6509427950950e-05
0.45008531212807	-1.6267953469651e-05
0.45067754387856	-1.6014031643863e-05
0.45126974582672	-1.5755773347337e-05
0.45186197757721	-1.5500425433856e-05
0.45245417952538	-1.5236479157466e-05
0.45304641127586	-1.4972174540162e-05
0.45363861322403	-1.4703318811371e-05
0.45423084497452	-1.4426044799620e-05
0.45482304692268	-1.4146380635793e-05
0.45541527867317	-1.3863878848497e-05
0.45600748062134	-1.3585111446446e-05
0.45659971237183	-1.3302865227161e-05
0.45719191431999	-1.3011280316277e-05
0.45778414607048	-1.2724918633467e-05
0.45837634801865	-1.2439110832929e-05
0.45896857976913	-1.2149944268458e-05
0.45956078171730	-1.1866818567796e-05
0.46015301346779	-1.1584394997044e-05
0.46074521541595	-1.1307371096336e-05
0.46133744716644	-1.1028090739273e-05
0.46192967891693	-1.0749902685347e-05
0.46252188086510	-1.0494874004507e-05
0.46311411261559	-1.0235638910672e-05
0.46370631456375	-9.9713079180219e-06
0.46429854631424	-9.7208994702669e-06
0.46489074826241	-9.4716961029917e-06
0.46548298001289	-9.2219333964749e-06
0.46607518196106	-8.9722943812376e-06
0.46666741371155	-8.7397284005419e-06
0.46725961565971	-8.5222500274540e-06
0.46785184741020	-8.3004651969532e-06
0.46844404935837	-8.0893296399154e-06
0.46903628110886	-7.8902949098847e-06
0.46962848305702	-7.6949145295657e-06
0.47022071480751	-7.5088960329595e-06
0.47081291675568	-7.3323731157870e-06
0.47140514850616	-7.1643871706328e-06
0.47199735045433	-7.0019245868025e-06
0.47258958220482	-6.8403460318223e-06
0.47318178415298	-6.6905313360621e-06
0.47377401590347	-6.5540107243578e-06
0.47436621785164	-6.4236915022775e-06
0.47495844960213	-6.3086013142311e-06
0.47555068135262	-6.2018511925999e-06
0.47614288330078	-6.1023383750580e-06
0.47673511505127	-6.0104162002972e-06
0.47732731699944	-5.9141289057152e-06
0.47791954874992	-5.8282826103095e-06
0.47851175069809	-5.7583156376495e-06
0.47910398244858	-5.7016609389393e-06
0.47969618439674	-5.6553462854936e-06
0.48028841614723	-5.6080193644448e-06
0.48088061809540	-5.5648065426794e-06
0.48147284984589	-5.5238601817109e-06
0.48206505179405	-5.4906704463065e-06
0.48265728354454	-5.4763086154708e-06
0.48324948549271	-5.4618058129563e-06
0.48384171724319	-5.4479451137013e-06
0.48443391919136	-5.4545234888792e-06
0.48502615094185	-5.4623028518108e-06
0.48561835289001	-5.4619995353278e-06
0.48621058464050	-5.4713441386411e-06
0.48680278658867	-5.4925144468143e-06
0.48739501833916	-5.5186501413118e-06
0.48798725008965	-5.5387399697793e-06
0.48857945203781	-5.5706832426949e-06
0.48917168378830	-5.6160333770094e-06
0.48976388573647	-5.6506314649596e-06
0.49035611748695	-5.6959929679579e-06
0.49094831943512	-5.7485726756568e-06
0.49154055118561	-5.7975371419161e-06
0.49213275313377	-5.8495133998804e-06
0.49272498488426	-5.8955019994755e-06
0.49331718683243	-5.9551884987741e-06
0.49390941858292	-6.0207216847630e-06
0.49450162053108	-6.0751085584343e-06
0.49509385228157	-6.1372820709948e-06
0.49568605422974	-6.1993750932743e-06
0.49627828598022	-6.2557369346905e-06
0.49687048792839	-6.3173688431561e-06
0.49746271967888	-6.3798470364418e-06
0.49805492162704	-6.4405103330500e-06
0.49864715337753	-6.5008748606488e-06
0.49923935532570	-6.5637559600873e-06
0.49983158707619	-6.6283996602579e-06
0.50042378902435	-6.6794718804886e-06
0.50101602077484	-6.7247392507852e-06
0.50160825252533	-6.7765472522296e-06
0.50220048427582	-6.8233584897825e-06
0.50279265642166	-6.8692975219165e-06
0.50338488817215	-6.9114771577006e-06
0.50397711992264	-6.9514003371296e-06
0.50456935167313	-6.9949678618286e-06
0.50516152381897	-7.0274613790389e-06
0.50575375556946	-7.0600017352263e-06
0.50634598731995	-7.0953483373160e-06
0.50693821907043	-7.1191207098309e-06
0.50753039121628	-7.1393506004824e-06
0.50812262296677	-7.1632562139712e-06
0.50871485471725	-7.1870272222441e-06
0.50930708646774	-7.1983913585427e-06
0.50989925861359	-7.1975887294684e-06
0.51049149036407	-7.2055245254887e-06
0.51108372211456	-7.2201578404929e-06
0.51167595386505	-7.2213260864373e-06
0.51226812601089	-7.2201628427138e-06
0.51286035776138	-7.2210232247016e-06
0.51345258951187	-7.2127681960410e-06
0.51404482126236	-7.2019593062578e-06
0.51463705301285	-7.1877016125654e-06
0.51522922515869	-7.1774961725168e-06
0.51582145690918	-7.1658887463855e-06
0.51641368865967	-7.1431950345868e-06
0.51700592041016	-7.1229119384952e-06
0.51759809255600	-7.0956912168185e-06
0.51819032430649	-7.0618316385662e-06
0.51878255605698	-7.0246919676720e-06
0.51937478780746	-6.9845118559897e-06
0.51996695995331	-6.9519401222351e-06
0.52055919170380	-6.9129400799284e-06
0.52115142345428	-6.8722388277820e-06
0.52174365520477	-6.8363769969437e-06
0.52233582735062	-6.7894661697210e-06
0.52292805910110	-6.7357582338445e-06
0.52352029085159	-6.6756251726474e-06
0.52411252260208	-6.6084589889215e-06
0.52470469474792	-6.5452913986519e-06
0.52529692649841	-6.4845899032662e-06
0.52588915824890	-6.4290138652723e-06
0.52648138999939	-6.3714574025653e-06
0.52707356214523	-6.2963836171548e-06
0.52766579389572	-6.2260837694339e-06
0.52825802564621	-6.1660111896344e-06
0.52885025739670	-6.0987531469436e-06
0.52944248914719	-6.0247548390180e-06
0.53003466129303	-5.9456588132889e-06
0.53062689304352	-5.8748678384291e-06
0.53121912479401	-5.8013965826831e-06
0.53181135654449	-5.7184493016393e-06
0.53240352869034	-5.6459566621925e-06
0.53299576044083	-5.5721170610923e-06
0.53358799219131	-5.4963388720353e-06
0.53418022394180	-5.4263682613964e-06
0.53477239608765	-5.3605690482073e-06
0.53536462783813	-5.3006428970548e-06
0.53595685958862	-5.2316941037134e-06
0.53654909133911	-5.1563547458500e-06
0.53714126348495	-5.0868611651822e-06
0.53773349523544	-5.0121798267355e-06
0.53832572698593	-4.9369064072380e-06
0.53891795873642	-4.8790102482599e-06
0.53951013088226	-4.8253659770126e-06
0.54010236263275	-4.7645553422626e-06
0.54069459438324	-4.6994978220027e-06
0.54128682613373	-4.6347281568160e-06
0.54187905788422	-4.5813362703484e-06
0.54247123003006	-4.5281867642188e-06
0.54306346178055	-4.4756416173186e-06
0.54365569353104	-4.4266193981457e-06
0.54424792528152	-4.3727313823183e-06
0.54484009742737	-4.3287245716783e-06
0.54543232917786	-4.2846713768085e-06
0.54602456092834	-4.2350711737527e-06
0.54661679267883	-4.1918351598724e-06
0.54720896482468	-4.1479120227450e-06
0.54780119657516	-4.1071598388953e-06
0.54839342832565	-4.0675713535165e-06
0.54898566007614	-4.0311833799933e-06
0.54957783222198	-4.0089789763442e-06
0.55017006397247	-3.9866072256700e-06
0.55076229572296	-3.9578312680533e-06
0.55135452747345	-3.9269684748433e-06
0.55194669961929	-3.8914704418858e-06
0.55253893136978	-3.8661773942295e-06
0.55313116312027	-3.8480934563268e-06
0.55372339487076	-3.8283219510049e-06
0.55431562662125	-3.8248845157796e-06
0.55490779876709	-3.8211574064917e-06
0.55550003051758	-3.8031905660318e-06
0.55609226226807	-3.7848171814403e-06
0.55668449401855	-3.7731351767434e-06
0.55727666616440	-3.7716308725066e-06
0.55786889791489	-3.7606887417496e-06
0.55846112966537	-3.7476477245946e-06
0.55905336141586	-3.7468682876352e-06
0.55964553356171	-3.7442823668243e-06
0.56023776531219	-3.7461718420673e-06
0.56082999706268	-3.7500212783925e-06
0.56142222881317	-3.7528361644945e-06
0.56201440095901	-3.7583436096611e-06
0.56260663270950	-3.7595732464979e-06
0.56319886445999	-3.7617626276187e-06
0.56379109621048	-3.7683487335016e-06
0.56438326835632	-3.7736765534646e-06
0.56497550010681	-3.7752618027298e-06
0.56556773185730	-3.7765505567222e-06
0.56615996360779	-3.7818449527549e-06
0.56675213575363	-3.7906083889538e-06
0.56734436750412	-3.7961090129102e-06
0.56793659925461	-3.8019966268621e-06
0.56852883100510	-3.8123478134366e-06
0.56912106275558	-3.8202829273359e-06
0.56971323490143	-3.8308799048536e-06
0.57030546665192	-3.8419739212259e-06
0.57089769840240	-3.8552466321562e-06
0.57148993015289	-3.8718467294530e-06
0.57208210229874	-3.8813491300971e-06
0.57267433404922	-3.8917878555367e-06
0.57326656579971	-3.8948587643972e-06
0.57385879755020	-3.8907560337975e-06
0.57445096969604	-3.9001620280033e-06
0.57504320144653	-3.9152960198408e-06
0.57563543319702	-3.9303026824200e-06
0.57622766494751	-3.9451788325096e-06
0.57681983709335	-3.9559276956425e-06
0.57741206884384	-3.9651304177823e-06
0.57800430059433	-3.9681403904979e-06
0.57859653234482	-3.9721207940602e-06
0.57918870449066	-3.9860010474513e-06
0.57978093624115	-3.9888955143397e-06
0.58037316799164	-3.9899591683934e-06
0.58096539974213	-4.0054110286292e-06
0.58155763149261	-4.0118497963704e-06
0.58214980363846	-4.0114528019330e-06
0.58274203538895	-4.0062300286081e-06
0.58333426713943	-4.0028749026533e-06
0.58392649888992	-4.0136205825547e-06
0.58451867103577	-4.0159620766644e-06
0.58511090278625	-4.0157024159271e-06
0.58570313453674	-4.0155205169867e-06
0.58629536628723	-4.0093714233080e-06
0.58688753843307	-4.0059353523247e-06
0.58747977018356	-3.9960559661267e-06
0.58807200193405	-3.9910687519296e-06
0.58866423368454	-3.9904593904794e-06
0.58925640583038	-3.9795081647753e-06
0.58984863758087	-3.9722563087707e-06
0.59044086933136	-3.9694346014585e-06
0.59103310108185	-3.9611481952306e-06
0.59162527322769	-3.9481910789618e-06
0.59221750497818	-3.9347264646494e-06
0.59280973672867	-3.9280230339500e-06
0.59340196847916	-3.9220885810209e-06
0.59399420022964	-3.9094179555832e-06
0.59458637237549	-3.9005381040624e-06
0.59517860412598	-3.8867165130796e-06
0.59577083587646	-3.8653943192912e-06
0.59636306762695	-3.8565026443393e-06
0.59695523977280	-3.8506050259457e-06
0.59754747152328	-3.8366115404642e-06
0.59813970327377	-3.8180269257282e-06
0.59873193502426	-3.8038165257603e-06
0.59932410717010	-3.7905383578618e-06
0.59991633892059	-3.7650506783393e-06
0.60050857067108	-3.7477866499103e-06
0.60110080242157	-3.7413863083202e-06
0.60169297456741	-3.7267338939273e-06
0.60228520631790	-3.7081836126163e-06
0.60287743806839	-3.6864473713649e-06
0.60346966981888	-3.6606679714168e-06
0.60406184196472	-3.6358260331326e-06
0.60465407371521	-3.6126230043010e-06
0.60524630546570	-3.5971754641650e-06
0.60583853721619	-3.5841051158059e-06
0.60643070936203	-3.5561929507821e-06
0.60702294111252	-3.5317602851137e-06
0.60761517286301	-3.5219977689849e-06
0.60820740461349	-3.5109121654386e-06
0.60879963636398	-3.4945342122228e-06
0.60939180850983	-3.4629813399079e-06
0.60998404026031	-3.4316769870202e-06
0.61057627201080	-3.4099959975720e-06
0.61116850376129	-3.3849705687317e-06
0.61176067590714	-3.3680319120322e-06
0.61235290765762	-3.3532744510012e-06
0.61294513940811	-3.3388919291610e-06
0.61353737115860	-3.3252797493333e-06
0.61412954330444	-3.3062897273339e-06
0.61472177505493	-3.2955945243884e-06
0.61531400680542	-3.2818179533933e-06
0.61590623855591	-3.2605175874778e-06
0.61649841070175	-3.2453222047479e-06
0.61709064245224	-3.2277962418448e-06
0.61768287420273	-3.2074187856779e-06
0.61827510595322	-3.1914164537739e-06
0.61886727809906	-3.1790684715816e-06
0.61945950984955	-3.1674996989750e-06
0.62005174160004	-3.1534434583591e-06
0.62064397335052	-3.1493445931119e-06
0.62123620510101	-3.1486451916862e-06
0.62182837724686	-3.1260378818843e-06
0.62242060899734	-3.1063748338056e-06
0.62301284074783	-3.0985104331194e-06
0.62360507249832	-3.0803394110990e-06
0.62419724464417	-3.0619407880295e-06
0.62478947639465	-3.0475393941742e-06
0.62538170814514	-3.0410164981731e-06
0.62597393989563	-3.0334747407323e-06
0.62656611204147	-3.0182384307409e-06
0.62715834379196	-3.0136934583425e-06
0.62775057554245	-3.0063931717450e-06
0.62834280729294	-2.9911179808551e-06
0.62893497943878	-2.9769287266390e-06
0.62952721118927	-2.9621896828758e-06
0.63011944293976	-2.9573268420791e-06
0.63071167469025	-2.9520001589844e-06
0.63130384683609	-2.9334491955524e-06
0.63189607858658	-2.9229527171992e-06
0.63248831033707	-2.9224752324808e-06
0.63308054208755	-2.9140082915546e-06
0.63367277383804	-2.9068817184452e-06
0.63426494598389	-2.9059822281852e-06
0.63485717773438	-2.9096120215399e-06
0.63544940948486	-2.9103143788234e-06
0.63604164123535	-2.8999143069086e-06
0.63663381338120	-2.8976153316762e-06
0.63722604513168	-2.8919880605827e-06
0.63781827688217	-2.8792348985007e-06
0.63841050863266	-2.8811430183850e-06
0.63900268077850	-2.8828114864154e-06
0.63959491252899	-2.8816764370276e-06
0.64018714427948	-2.8821148134739e-06
0.64077937602997	-2.8812803520850e-06
0.64137154817581	-2.8786093935196e-06
0.64196377992630	-2.8686165478575e-06
0.64255601167679	-2.8661115720752e-06
0.64314824342728	-2.8716583528876e-06
0.64374041557312	-2.8715310236294e-06
0.64433264732361	-2.8734784791595e-06
0.64492487907410	-2.8735121304635e-06
0.64551711082458	-2.8630724955292e-06
0.64610928297043	-2.8540655421239e-06
0.64670151472092	-2.8512097287603e-06
0.64729374647141	-2.8530960207718e-06
0.64788597822189	-2.8514741643448e-06
0.64847820997238	-2.8447648219299e-06
0.64907038211823	-2.8465026389313e-06
0.64966261386871	-2.8429763005988e-06
0.65025484561920	-2.8360568649077e-06
0.65084707736969	-2.8342319637886e-06
0.65143924951553	-2.8284821382840e-06
0.65203148126602	-2.8315389499767e-06
0.65262371301651	-2.8298238703428e-06
0.65321594476700	-2.8214494705026e-06
0.65380811691284	-2.8245106022950e-06
0.65440034866333	-2.8255599318072e-06
0.65499258041382	-2.8227614166099e-06
0.65558481216431	-2.8141623715783e-06
0.65617698431015	-2.8073934572603e-06
0.65676921606064	-2.8120161914558e-06
0.65736144781113	-2.8065906008123e-06
0.65795367956161	-2.7958321879851e-06
0.65854585170746	-2.7963983484369e-06
0.65913808345795	-2.7932558168686e-06
0.65973031520844	-2.7874286843144e-06
0.66032254695892	-2.7906000923394e-06
0.66091477870941	-2.7891817353520e-06
0.66150695085526	-2.7819148726849e-06
0.66209918260574	-2.7706062155630e-06
0.66269141435623	-2.7567723464017e-06
0.66328364610672	-2.7492483241076e-06
0.66387581825256	-2.7416963348514e-06
0.66446805000305	-2.7396952191339e-06
0.66506028175354	-2.7340629458195e-06
0.66565251350403	-2.7171745387022e-06
0.66624468564987	-2.7083115128335e-06
0.66683691740036	-2.6996326596418e-06
0.66742914915085	-2.6898133000941e-06
0.66802138090134	-2.6847224035009e-06
0.66861355304718	-2.6755958515423e-06
0.66920578479767	-2.6647014692571e-06
0.66979801654816	-2.6519219318288e-06
0.67039024829865	-2.6397626697872e-06
0.67098242044449	-2.6327634259360e-06
0.67157465219498	-2.6276327389496e-06
0.67216688394547	-2.6279938083462e-06
0.67275911569595	-2.6236609755870e-06
0.67335134744644	-2.6075845198648e-06
0.67394351959229	-2.6034024358523e-06
0.67453575134277	-2.5993604140240e-06
0.67512798309326	-2.5842164177448e-06
0.67572021484375	-2.5817155346886e-06
0.67631238698959	-2.5824383556028e-06
0.67690461874008	-2.5800750336202e-06
0.67749685049057	-2.5742535854079e-06
0.67808908224106	-2.5714773528307e-06
0.67868125438690	-2.5799704417295e-06
0.67927348613739	-2.5726078547450e-06
0.67986571788788	-2.5593974442017e-06
0.68045794963837	-2.5532344807289e-06
0.68105012178421	-2.5448932774452e-06
0.68164235353470	-2.5427355012653e-06
0.68223458528519	-2.5366121008119e-06
0.68282681703568	-2.5297249521827e-06
0.68341898918152	-2.5294793886133e-06
0.68401122093201	-2.5254980755562e-06
0.68460345268250	-2.5223039301636e-06
0.68519568443298	-2.5154149625450e-06
0.68578791618347	-2.5018719043146e-06
0.68638008832932	-2.4943258267740e-06
0.68697232007980	-2.4835198928486e-06
0.68756455183029	-2.4690107238712e-06
0.68815678358078	-2.4640946776344e-06
0.68874895572662	-2.4502264750481e-06
0.68934118747711	-2.4300841232616e-06
0.68993341922760	-2.4228829715867e-06
0.69052565097809	-2.4201194719353e-06
0.69111782312393	-2.4118442070176e-06
0.69171005487442	-2.3939246602822e-06
0.69230228662491	-2.3832801616663e-06
0.69289451837540	-2.3825416519685e-06
0.69348669052124	-2.3741206405248e-06
0.69407892227173	-2.3641441657674e-06
0.69467115402222	-2.3526881705038e-06
0.69526338577271	-2.3376992430713e-06
0.69585555791855	-2.3287811927730e-06
0.69644778966904	-2.3262155082193e-06
0.69704002141953	-2.3212014639284e-06
0.69763225317001	-2.3137374682847e-06
0.69822442531586	-2.3135155515774e-06
0.69881665706635	-2.3153836536949e-06
0.69940888881683	-2.3057923499437e-06
0.70000112056732	-2.2972683382250e-06
0.70059335231781	-2.3019645141176e-06
0.70118552446365	-2.2974054445513e-06
0.70177775621414	-2.2862523110234e-06
0.70236998796463	-2.2813951545686e-06
0.70296221971512	-2.2771434942115e-06
0.70355439186096	-2.2790388811700e-06
0.70414662361145	-2.2730166620022e-06
0.70473885536194	-2.2660890408588e-06
0.70533108711243	-2.2696328869642e-06
0.70592325925827	-2.2665290089208e-06
0.70651549100876	-2.2628560145677e-06
0.70710772275925	-2.2517856450577e-06
0.70769995450974	-2.2401336536859e-06
0.70829212665558	-2.2419417291530e-06
0.70888435840607	-2.2361466562870e-06
0.70947659015656	-2.2284903025138e-06
0.71006882190704	-2.2273720787780e-06
0.71066099405289	-2.2226579403650e-06
0.71125322580338	-2.2129968328954e-06
0.71184545755386	-2.1989326342009e-06
0.71243768930435	-2.1929324702796e-06
0.71302992105484	-2.1926557565166e-06
0.71362209320068	-2.1804742118547e-06
0.71421432495117	-2.1751561689598e-06
0.71480655670166	-2.1800794911542e-06
0.71539878845215	-2.1735686459579e-06
0.71599096059799	-2.1650255348504e-06
0.71658319234848	-2.1551097688643e-06
0.71717542409897	-2.1475680114236e-06
0.71776765584946	-2.1475468656718e-06
0.71835982799530	-2.1418397864181e-06
0.71895205974579	-2.1345990717236e-06
0.71954429149628	-2.1238950012048e-06
0.72013652324677	-2.1191128780629e-06
0.72072869539261	-2.1260041194182e-06
0.72132092714310	-2.1249493329378e-06
0.72191315889359	-2.1218479560048e-06
0.72250539064407	-2.1198129616096e-06
0.72309756278992	-2.1118164568179e-06
0.72368979454041	-2.1047148948128e-06
0.72428202629089	-2.1008045223425e-06
0.72487425804138	-2.0956520074833e-06
0.72546648979187	-2.0875650079688e-06
0.72605866193771	-2.0779534679605e-06
0.72665089368820	-2.0751222109539e-06
0.72724312543869	-2.0802540348086e-06
0.72783535718918	-2.0828631477343e-06
0.72842752933502	-2.0853494788753e-06
0.72901976108551	-2.0797363049496e-06
0.72961199283600	-2.0679581211880e-06
0.73020422458649	-2.0629906885006e-06
0.73079639673233	-2.0528482309601e-06
0.73138862848282	-2.0466725345614e-06
0.73198086023331	-2.0448776467674e-06
0.73257309198380	-2.0398501874297e-06
0.73316526412964	-2.0400375433383e-06
0.73375749588013	-2.0363329440443e-06
0.73434972763062	-2.0363172552607e-06
0.73494195938110	-2.0382406091812e-06
0.73553413152695	-2.0313598270150e-06
0.73612636327744	-2.0281718207116e-06
0.73671859502792	-2.0218176359776e-06
0.73731082677841	-2.0111338017159e-06
0.73790299892426	-2.0074708118045e-06
0.73849523067474	-2.0015220343339e-06
0.73908746242523	-1.9936871922255e-06
0.73967969417572	-1.9898786831618e-06
0.74027192592621	-1.9848141619150e-06
0.74086409807205	-1.9805463580269e-06
0.74145632982254	-1.9725089259737e-06
0.74204856157303	-1.9649653495435e-06
0.74264079332352	-1.9597930531745e-06
0.74323296546936	-1.9437413811829e-06
0.74382519721985	-1.9336675904924e-06
0.74441742897034	-1.9271687961009e-06
0.74500966072083	-1.9127307950839e-06
0.74560183286667	-1.9029690747630e-06
0.74619406461716	-1.8915717419077e-06
0.74678629636765	-1.8802996919476e-06
0.74737852811813	-1.8701437056734e-06
0.74797070026398	-1.8572441149445e-06
0.74856293201447	-1.8426204633215e-06
0.74915516376495	-1.8261438299305e-06
0.74974739551544	-1.8171197098127e-06
0.75033956766129	-1.8017777847490e-06
0.75093179941177	-1.7759512047633e-06
0.75152403116226	-1.7632881963436e-06
0.75211626291275	-1.7603925925869e-06
0.75270849466324	-1.7512907106720e-06
0.75330066680908	-1.7397004512532e-06
0.75389289855957	-1.7295303678111e-06
0.75448513031006	-1.7158446325993e-06
0.75507736206055	-1.6957058051048e-06
0.75566953420639	-1.6736836414566e-06
0.75626176595688	-1.6641129150230e-06
0.75685399770737	-1.6543119727430e-06
0.75744622945786	-1.6364210750908e-06
0.75803840160370	-1.6291965039272e-06
0.75863063335419	-1.6188582776522e-06
0.75922286510468	-1.6040713717302e-06
0.75981509685516	-1.5949264025039e-06
0.76040726900101	-1.5832775943636e-06
0.76099950075150	-1.5710622847109e-06
0.76159173250198	-1.5538946627203e-06
0.76218396425247	-1.5359084954980e-06
0.76277613639832	-1.5156797417148e-06
0.76336836814880	-1.4863271644572e-06
0.76396059989929	-1.4681618267787e-06
0.76455283164978	-1.4574584383809e-06
0.76514506340027	-1.4373704289028e-06
0.76573723554611	-1.4183719940775e-06
0.76632946729660	-1.3946782928542e-06
0.76692169904709	-1.3628744000016e-06
0.76751393079758	-1.3353262602323e-06
0.76810610294342	-1.3052816711934e-06
0.76869833469391	-1.2804249536202e-06
0.76929056644440	-1.2561205267048e-06
0.76988279819489	-1.2178687711639e-06
0.77047497034073	-1.1789828704423e-06
0.77106720209122	-1.1400569519537e-06
0.77165943384171	-1.1123206604680e-06
0.77225166559219	-1.0843973541341e-06
0.77284383773804	-1.0355797712691e-06
0.77343606948853	-9.9302553735470e-07
0.77402830123901	-9.5200539362850e-07
0.77462053298950	-9.0357661974849e-07
0.77521270513535	-8.5975818819861e-07
0.77580493688583	-8.1692428466340e-07
0.77639716863632	-7.7412749988071e-07
0.77698940038681	-7.2437370590706e-07
0.77758157253265	-6.7084016563967e-07
0.77817380428314	-6.2264484768093e-07
0.77876603603363	-5.7332687219969e-07
0.77935826778412	-5.2177807674525e-07
0.77995049953461	-4.6993920932437e-07
0.78054267168045	-4.1033138131752e-07
0.78113490343094	-3.4306975749132e-07
0.78172713518143	-2.7705172556125e-07
0.78231936693192	-2.1683229078917e-07
0.78291153907776	-1.5884602078131e-07
0.78350377082825	-9.3384848298683e-08
0.78409600257874	-2.6731829194659e-08
0.78468823432922	4.4297522094894e-08
0.78528040647507	1.2339836530373e-07
0.78587263822556	1.9187545774457e-07
0.78646486997604	2.6264245889251e-07
0.78705710172653	3.4587833397381e-07
0.78764927387238	4.3323365161996e-07
0.78824150562286	5.2849509302177e-07
0.78883373737335	6.2418666857411e-07
0.78942596912384	7.1730022455085e-07
0.79001814126968	8.1079144820251e-07
0.79061037302017	9.0335197455715e-07
0.79120260477066	9.9936255537614e-07
0.79179483652115	1.1022267472072e-06
0.79238706827164	1.2134266853536e-06
0.79297924041748	1.3308065263118e-06
0.79357147216797	1.4436187711908e-06
0.79416370391846	1.5606931356160e-06
0.79475593566895	1.6929500361584e-06
0.79534810781479	1.8196523114966e-06
0.79594033956528	1.9450087620498e-06
0.79653257131577	2.0798195237148e-06
0.79712480306625	2.2196834379429e-06
0.79771697521210	2.3646127829124e-06
0.79830920696259	2.5017020561791e-06
0.79890143871307	2.6480347514735e-06
0.79949367046356	2.8074014153390e-06
0.80008584260941	2.9611496756843e-06
0.80067807435989	3.1221077279042e-06
0.80127030611038	3.2882251161936e-06
0.80186253786087	3.4599261198309e-06
0.80245471000671	3.6375877243700e-06
0.80304694175720	3.8154275898705e-06
0.80363917350769	4.0017011997406e-06
0.80423140525818	4.1869279812090e-06
0.80482363700867	4.3759291656897e-06
0.80541580915451	4.5784317990183e-06
0.80600804090500	4.7784042180865e-06
0.80660027265549	4.9819050218503e-06
0.80719250440598	5.1948081818409e-06
0.80778467655182	5.4030115279602e-06
0.80837690830231	5.6192070587713e-06
0.80896914005280	5.8505565903033e-06
0.80956137180328	6.0867769207107e-06
0.81015354394913	6.3239040173357e-06
0.81074577569962	6.5545759753149e-06
0.81133800745010	6.7931441662950e-06
0.81193023920059	7.0428013714263e-06
0.81252241134644	7.2958969212777e-06
0.81311464309692	7.5569191722025e-06
0.81370687484741	7.8138855315046e-06
0.81429910659790	8.0787722254172e-06
0.81489127874374	8.3554032244137e-06
0.81548351049423	8.6291020124918e-06
0.81607574224472	8.9139639385394e-06
0.81666797399521	9.2060481620138e-06
0.81726014614105	9.4951574283186e-06
0.81785237789154	9.7870806712308e-06
0.81844460964203	1.0080567335535e-05
0.81903684139252	1.0381985703134e-05
0.81962907314301	1.0695044693421e-05
0.82022124528885	1.1008489309461e-05
0.82081347703934	1.1330257621012e-05
0.82140570878983	1.1661626558634e-05
0.82199794054031	1.1988308870059e-05
0.82259011268616	1.2320793757681e-05
0.82318234443665	1.2655998943956e-05
0.82377457618713	1.2995229553781e-05
0.82436680793762	1.3344000763027e-05
0.82495898008347	1.3690032574232e-05
0.82555121183395	1.4047351214685e-05
0.82614344358444	1.4409429240914e-05
0.82673567533493	1.4768118489883e-05
0.82732784748077	1.5136076399358e-05
0.82792007923126	1.5504559996771e-05
0.82851231098175	1.5879235434113e-05
0.82910454273224	1.6262481949525e-05
0.82969671487808	1.6645541109028e-05
0.83028894662857	1.7028429283528e-05
0.83088117837906	1.7409287465853e-05
0.83147341012955	1.7795207895688e-05
0.83206564188004	1.8186447050539e-05
0.83265781402588	1.8577551600174e-05
0.83325004577637	1.8974862541654e-05
0.83384227752686	1.9376753698452e-05
0.83443450927734	1.9780329239438e-05
0.83502668142319	2.0185772882542e-05
0.83561891317368	2.0587625840562e-05
0.83621114492416	2.0998495529057e-05
0.83680337667465	2.1410471163108e-05
0.83739554882050	2.1807039956911e-05
0.83798778057098	2.2211937903194e-05
0.83858001232147	2.2627145881415e-05
0.83917224407196	2.3048005459714e-05
0.83976441621780	2.3471207896364e-05
0.84035664796829	2.3886133931228e-05
0.84094887971878	2.4306240447913e-05
0.84154111146927	2.4722974558244e-05
0.84213328361511	2.5138442651951e-05
0.84272551536560	2.5567172997398e-05
0.84331774711609	2.5994067982538e-05
0.84390997886658	2.6418214474688e-05
0.84450221061707	2.6841586077353e-05
0.84509438276291	2.7265348762739e-05
0.84568661451340	2.7697491532308e-05
0.84627884626389	2.8127442419645e-05
0.84687107801437	2.8551634386531e-05
0.84746325016022	2.8984779419261e-05
0.84805548191071	2.9423199521261e-05
0.84864771366119	2.9861514121876e-05
0.84923994541168	3.0297296689241e-05
0.84983211755753	3.0721668736078e-05
0.85042434930801	3.1150400900515e-05
0.85101658105850	3.1583469535690e-05
0.85160881280899	3.2018633646658e-05
0.85220098495483	3.2466163247591e-05
0.85279321670532	3.2904772524489e-05
0.85338544845581	3.3337786589982e-05
0.85397768020630	3.3775646443246e-05
0.85456985235214	3.4213266189909e-05
0.85516208410263	3.4655324270716e-05
0.85575431585312	3.5089451557724e-05
0.85634654760361	3.5520457458915e-05
0.85693871974945	3.5961671528639e-05
0.85753095149994	3.6404751881491e-05
0.85812318325043	3.6850571632385e-05
0.85871541500092	3.7295238143997e-05
0.85930764675140	3.7732861528639e-05
0.85989981889725	3.8173911889317e-05
0.86049205064774	3.8617381505901e-05
0.86108428239822	3.9063164877007e-05
0.86167651414871	3.9511898648925e-05
0.86226868629456	3.9954556996236e-05
0.86286091804504	4.0400198486168e-05
0.86345314979553	4.0846516640158e-05
0.86404538154602	4.1297371353721e-05
0.86463755369186	4.1759431042010e-05
0.86522978544235	4.2214811401209e-05
0.86582201719284	4.2674852011260e-05
0.86641424894333	4.3133859435329e-05
0.86700642108917	4.3586482206592e-05
0.86759865283966	4.4051401346223e-05
0.86819088459015	4.4509797589853e-05
0.86878311634064	4.4964250264456e-05
0.86937528848648	4.5425538701238e-05
0.86996752023697	4.5890137698734e-05
0.87055975198746	4.6366116293939e-05
0.87115198373795	4.6839959395584e-05
0.87174421548843	4.7308127250290e-05
0.87233638763428	4.7781602916075e-05
0.87292861938477	4.8252732085530e-05
0.87352085113525	4.8718193284003e-05
0.87411308288574	4.9179383495357e-05
0.87470525503159	4.9639023927739e-05
0.87529748678207	5.0111655582441e-05
0.87588971853256	5.0587354053278e-05
0.87648195028305	5.1051338232355e-05
0.87707412242889	5.1511284254957e-05
0.87766635417938	5.1962389989058e-05
0.87825858592987	5.2417221013457e-05
0.87885081768036	5.2878534916090e-05
0.87944298982620	5.3323132306105e-05
0.88003522157669	5.3761497838423e-05
0.88062745332718	5.4200438171392e-05
0.88121968507767	5.4628239013255e-05
0.88181185722351	5.5041826271918e-05
0.88240408897400	5.5447992053814e-05
0.88299632072449	5.5847016483312e-05
0.88358855247498	5.6227796449093e-05
0.88418078422546	5.6599288654979e-05
0.88477295637131	5.6965109251905e-05
0.88536518812180	5.7307239330839e-05
0.88595741987228	5.7626082707429e-05
0.88654965162277	5.7927689340431e-05
0.88714182376862	5.8206907851854e-05
0.88773405551910	5.8472262026044e-05
0.88832628726959	5.8716810599435e-05
0.88891851902008	5.8924339100486e-05
0.88951069116592	5.9100886574015e-05
0.89010292291641	5.9240046539344e-05
0.89069515466690	5.9348916693125e-05
0.89128738641739	5.9429246903164e-05
0.89187955856323	5.9464255173225e-05
0.89247179031372	5.9453977883095e-05
0.89306402206421	5.9387391956989e-05
0.89365625381470	5.9280009736540e-05
0.89424842596054	5.9133373724762e-05
0.89484065771103	5.8919362345478e-05
0.89543288946152	5.8649529819377e-05
0.89602512121201	5.8315221394878e-05
0.89661729335785	5.7909612223739e-05
0.89720952510834	5.7441138778813e-05
0.89780175685883	5.6888864492066e-05
0.89839398860931	5.6252891226904e-05
0.89898622035980	5.5535034334753e-05
0.89957839250565	5.4721051128581e-05
0.90017062425613	5.3818788728677e-05
0.90076285600662	5.2823077567155e-05
0.90135508775711	5.1713963330258e-05
0.90194725990295	5.0489987188485e-05
0.90253949165344	4.9147896788782e-05
0.90313172340393	4.7687361075077e-05
0.90372395515442	4.6094923163764e-05
0.90431612730026	4.4354776036926e-05
0.90490835905075	4.2478066461626e-05
0.90550059080124	4.0449129301123e-05
0.90609282255173	3.8254405808402e-05
0.90668499469757	3.5893292078981e-05
0.90727722644806	3.3348242141074e-05
0.90786945819855	3.0619106837548e-05
0.90846168994904	2.7698817575583e-05
0.90905386209488	2.4575918359915e-05
0.90964609384537	2.1245694370009e-05
0.91023832559586	1.7689886590233e-05
0.91083055734634	1.3892882634536e-05
0.91142278909683	9.8458112915978e-06
0.91201496124268	5.5413238442270e-06
0.91260719299316	9.7103998086823e-07
0.91319942474365	-3.8790244616393e-06
0.91379165649414	-9.0272305897088e-06
0.91438382863998	-1.4483481209027e-05
0.91497606039047	-2.0256144125597e-05
0.91556829214096	-2.6357816750533e-05
0.91616052389145	-3.2811327400850e-05
0.91675269603729	-3.9639620808885e-05
0.91734492778778	-4.6845641918480e-05
0.91793715953827	-5.4451720643556e-05
0.91852939128876	-6.2471481214743e-05
0.91912156343460	-7.0917587436270e-05
0.91971379518509	-7.9828081652522e-05
0.92030602693558	-8.9200606453232e-05
0.92089825868607	-9.9050790595356e-05
0.92149043083191	-0.00010941772779915
0.92208266258240	-0.00012031834194204
0.92267489433289	-0.00013178157678340
0.92326712608337	-0.00014382071094587
0.92385935783386	-0.00015645353414584
0.92445152997971	-0.00016971245349851
0.92504376173019	-0.00018361913680565
0.92563599348068	-0.00019821106980089
0.92622822523117	-0.00021351363102440
0.92682039737701	-0.00022953709412832
0.92741262912750	-0.00024631858104840
0.92800486087799	-0.00026389679987915
0.92859709262848	-0.00028230831958354
0.92918926477432	-0.00030158628942445
0.92978149652481	-0.00032174613443203
0.93037372827530	-0.00034283535205759
0.93096596002579	-0.00036489829653874
0.93155813217163	-0.00038795871660113
0.93215036392212	-0.00041206696187146
0.93274259567261	-0.00043725865543820
0.93333482742310	-0.00046357078826986
0.93392699956894	-0.00049105577636510
0.93451923131943	-0.00051976251415908
0.93511146306992	-0.00054973590886220
0.93570369482040	-0.00058101251488551
0.93629592657089	-0.00061365560395643
0.93688809871674	-0.00064771733013913
0.93748033046722	-0.00068323669256642
0.93807256221771	-0.00072028615977615
0.93866479396820	-0.00075892807217315
0.93925696611404	-0.00079920922871679
0.93984919786453	-0.00084119063103572
0.94044142961502	-0.00088493805378675
0.94103366136551	-0.00093051930889487
0.94162583351135	-0.00097800628282130
0.94221806526184	-0.0010274635860696
0.94281029701233	-0.0010789708467200
0.94340252876282	-0.0011326079256833
0.94399470090866	-0.0011884386185557
0.94458693265915	-0.0012465475592762
0.94517916440964	-0.0013070193817839
0.94577139616013	-0.0013699444243684
0.94636356830597	-0.0014354080194607
0.94695580005646	-0.0015034894458950
0.94754803180695	-0.0015743031399325
0.94814026355743	-0.0016479371115565
0.94873243570328	-0.0017244812333956
0.94932466745377	-0.0018040576251224
0.94991689920425	-0.0018867641920224
0.95050913095474	-0.0019727121107280
0.95110136270523	-0.0020620154682547
0.95169353485107	-0.0021547751966864
0.95228576660156	-0.0022511214483529
0.95287799835205	-0.0023511794861406
0.95347023010254	-0.0024550685193390
0.95406240224838	-0.0025629275478423
0.95465463399887	-0.0026748860254884
0.95524686574936	-0.0027910803910345
0.95583909749985	-0.0029116505756974
0.95643126964569	-0.0030367402359843
0.95702350139618	-0.0031665139831603
0.95761573314667	-0.0033011031337082
0.95820796489716	-0.0034406539052725
0.95880013704300	-0.0035853511653841
0.95939236879349	-0.0037353562656790
0.95998460054398	-0.0038908338174224
0.96057683229446	-0.0040519456379116
0.96116900444031	-0.0042188717052341
0.96176123619080	-0.0043918075971305
0.96235346794128	-0.0045709265395999
0.96294569969177	-0.0047564241103828
0.96353793144226	-0.0049484921619296
0.96413010358810	-0.0051473188214004
0.96472233533859	-0.0053531103767455
0.96531456708908	-0.0055660777725279
0.96590679883957	-0.0057864305563271
0.96649897098541	-0.0060143754817545
0.96709120273590	-0.0062501416541636
0.96768343448639	-0.0064939623698592
0.96827566623688	-0.0067460476420820
0.96886783838272	-0.0070066275075078
0.96946007013321	-0.0072759552858770
0.97005230188370	-0.0075542647391558
0.97064453363419	-0.0078417984768748
0.97123670578003	-0.0081388112157583
0.97182893753052	-0.0084455450996757
0.97242116928101	-0.0087622692808509
0.97301340103149	-0.0090892445296049
0.97360557317734	-0.0094267269596457
0.97419780492783	-0.0097749978303909
0.97479003667831	-0.010134330019355
0.97538226842880	-0.010504999198020
0.97597450017929	-0.010887277312577
0.97656667232513	-0.011281450279057
0.97715890407562	-0.011687819845974
0.97775113582611	-0.012106664478779
0.97834336757660	-0.012538279406726
0.97893553972244	-0.012982968240976
0.97952777147293	-0.013441023416817
0.98012000322342	-0.013912748545408
0.98071223497391	-0.014398455619812
0.98130440711975	-0.014898446388543
0.98189663887024	-0.015413037501276
0.98248887062073	-0.015942536294460
0.98308110237122	-0.016487253829837
0.98367327451706	-0.017047507688403
0.98426550626755	-0.017623607069254
0.98485773801804	-0.018215883523226
0.98544996976852	-0.018824651837349
0.98604214191437	-0.019450217485428
0.98663437366486	-0.020092912018299
0.98722660541534	-0.020753053948283
0.98781883716583	-0.021430961787701
0.98841100931168	-0.022126952186227
0.98900324106216	-0.022841339930892
0.98959547281265	-0.023574458435178
0.99018770456314	-0.024326594546437
0.99077993631363	-0.025098068639636
0.99137210845947	-0.025889206677675
0.99196434020996	-0.026700302958488
0.99255657196045	-0.027531666681170
0.99314880371094	-0.028383603319526
0.99374097585678	-0.029256409034133
0.99433320760727	-0.030150368809700
0.99492543935776	-0.031065769493580
0.99551767110825	-0.032002907246351
0.99610984325409	-0.032962061464787
0.99670207500458	-0.033943496644497
0.99729430675507	-0.034947473555803
0.99788653850555	-0.035974249243736
0.99847871065140	-0.037024084478617
0.99907094240189	-0.038097232580185
0.99966317415237	-0.039193905889988
1.0002553462982	-0.040314346551895
1.0008475780487	-0.041458774358034
1.0014398097992	-0.042627375572920
1.0020320415497	-0.043820355087519
1.0026242733002	-0.045037914067507
1.0032165050507	-0.046280216425657
1.0038087368011	-0.047547414898872
1.0044009685516	-0.048839654773474
1.0049930810928	-0.050157081335783
1.0055853128433	-0.051499832421541
1.0061775445938	-0.052868012338877
1.0067697763443	-0.054261703044176
1.0073620080948	-0.055680975317955
1.0079542398453	-0.057125888764858
1.0085464715958	-0.058596510440111
1.0091387033463	-0.060092862695456
1.0097308158875	-0.061614956706762
1.0103230476379	-0.063162781298161
1.0109152793884	-0.064736299216747
1.0115075111389	-0.066335484385490
1.0120997428894	-0.067960262298584
1.0126919746399	-0.069610543549061
1.0132842063904	-0.071286238729954
1.0138764381409	-0.072987198829651
1.0144685506821	-0.074713304638863
1.0150607824326	-0.076464362442493
1.0156530141830	-0.078240178525448
1.0162452459335	-0.080040536820889
1.0168374776840	-0.081865191459656
1.0174297094345	-0.083713889122009
1.0180219411850	-0.085586346685886
1.0186141729355	-0.087482221424580
1.0192064046860	-0.089401185512543
1.0197985172272	-0.091342881321907
1.0203907489777	-0.093306906521320
1.0209829807281	-0.095292858779430
1.0215752124786	-0.097300276160240
1.0221674442291	-0.099328681826591
1.0227596759796	-0.10137758404016
1.0233519077301	-0.10344645380974
1.0239441394806	-0.10553474724293
1.0245362520218	-0.10764186829329
1.0251284837723	-0.10976719856262
1.0257207155228	-0.11191011220217
1.0263129472733	-0.11406993865967
1.0269051790237	-0.11624597758055
1.0274974107742	-0.11843749880791
1.0280896425247	-0.12064374983311
1.0286818742752	-0.12286396324635
1.0292741060257	-0.12509731948376
1.0298662185669	-0.12734298408031
1.0304584503174	-0.12960009276867
1.0310506820679	-0.13186773657799
1.0316429138184	-0.13414500653744
1.0322351455688	-0.13643094897270
1.0328273773193	-0.13872456550598
1.0334196090698	-0.14102488756180
1.0340118408203	-0.14333087205887
1.0346039533615	-0.14564146101475
1.0351961851120	-0.14795556664467
1.0357884168625	-0.15027208626270
1.0363806486130	-0.15258988738060
1.0369728803635	-0.15490782260895
1.0375651121140	-0.15722469985485
1.0381573438644	-0.15953931212425
1.0387495756149	-0.16185045242310
1.0393416881561	-0.16415686905384
1.0399339199066	-0.16645729541779
1.0405261516571	-0.16875043511391
1.0411183834076	-0.17103500664234
1.0417106151581	-0.17330968379974
1.0423028469086	-0.17557311058044
1.0428950786591	-0.17782396078110
1.0434873104095	-0.18006083369255
1.0440795421600	-0.18228235840797
1.0446716547012	-0.18448714911938
1.0452638864517	-0.18667377531528
1.0458561182022	-0.18884085118771
1.0464483499527	-0.19098693132401
1.0470405817032	-0.19311058521271
1.0476328134537	-0.19521038234234
1.0482250452042	-0.19728486239910
1.0488172769547	-0.19933259487152
1.0494093894958	-0.20135211944580
1.0500016212463	-0.20334196090698
1.0505938529968	-0.20530071854591
1.0511860847473	-0.20722688734531
1.0517783164978	-0.20911906659603
1.0523705482483	-0.21097579598427
1.0529627799988	-0.21279563009739
1.0535550117493	-0.21457716822624
1.0541471242905	-0.21631899476051
1.0547393560410	-0.21801970899105
1.0553315877914	-0.21967791020870
1.0559238195419	-0.22129219770432
1.0565160512924	-0.22286124527454
1.0571082830429	-0.22438371181488
1.0577005147934	-0.22585825622082
1.0582927465439	-0.22728359699249
1.0588849782944	-0.22865845263004
1.0594770908356	-0.22998157143593
1.0600693225861	-0.23125173151493
1.0606615543365	-0.23246772587299
1.0612537860870	-0.23362840712070
1.0618460178375	-0.23473258316517
1.0624382495880	-0.23577919602394
1.0630304813385	-0.23676718771458
1.0636227130890	-0.23769548535347
1.0642148256302	-0.23856312036514
1.0648070573807	-0.23936912417412
1.0653992891312	-0.24011258780956
1.0659915208817	-0.24079261720181
1.0665837526321	-0.24140839278698
1.0671759843826	-0.24195913970470
1.0677682161331	-0.24244409799576
1.0683604478836	-0.24286258220673
1.0689526796341	-0.24321395158768
1.0695447921753	-0.24349758028984
1.0701370239258	-0.24371296167374
1.0707292556763	-0.24385958909988
1.0713214874268	-0.24393697082996
1.0719137191772	-0.24394479393959
1.0725059509277	-0.24388270080090
1.0730981826782	-0.24375040829182
1.0736904144287	-0.24354769289494
1.0742825269699	-0.24327439069748
1.0748747587204	-0.24293041229248
1.0754669904709	-0.24251566827297
1.0760592222214	-0.24203021824360
1.0766514539719	-0.24147409200668
1.0772436857224	-0.24084743857384
1.0778359174728	-0.24015043675900
1.0784281492233	-0.23938333988190
1.0790202617645	-0.23854643106461
1.0796124935150	-0.23764009773731
1.0802047252655	-0.23666477203369
1.0807969570160	-0.23562094569206
1.0813891887665	-0.23450915515423
1.0819814205170	-0.23332999646664
1.0825736522675	-0.23208414018154
1.0831658840179	-0.23077230155468
1.0837581157684	-0.22939525544643
1.0843502283096	-0.22795386612415
1.0849424600601	-0.22644902765751
1.0855346918106	-0.22488166391850
1.0861269235611	-0.22325278818607
1.0867191553116	-0.22156345844269
1.0873113870621	-0.21981476247311
1.0879036188126	-0.21800790727139
1.0884958505630	-0.21614405512810
1.0890879631042	-0.21422450244427
1.0896801948547	-0.21225054562092
1.0902724266052	-0.21022355556488
1.0908646583557	-0.20814491808414
1.0914568901062	-0.20601606369019
1.0920491218567	-0.20383848249912
1.0926413536072	-0.20161370933056
1.0932335853577	-0.19934332370758
1.0938256978989	-0.19702889025211
1.0944179296494	-0.19467206299305
1.0950101613998	-0.19227451086044
1.0956023931503	-0.18983791768551
1.0961946249008	-0.18736402690411
1.0967868566513	-0.18485456705093
1.0973790884018	-0.18231134116650
1.0979713201523	-0.17973613739014
1.0985635519028	-0.17713077366352
1.0991556644440	-0.17449711263180
1.0997478961945	-0.17183697223663
1.1003401279449	-0.16915224492550
1.1009323596954	-0.16644480824471
1.1015245914459	-0.16371653974056
1.1021168231964	-0.16096934676170
1.1027090549469	-0.15820512175560
1.1033012866974	-0.15542577207088
1.1038933992386	-0.15263319015503
1.1044856309891	-0.14982929825783
1.1050778627396	-0.14701598882675
1.1056700944901	-0.14419512450695
1.1062623262405	-0.14136861264706
1.1068545579910	-0.13853833079338
1.1074467897415	-0.13570611178875
1.1080390214920	-0.13287378847599
1.1086312532425	-0.13004322350025
1.1092233657837	-0.12721619009972
1.1098155975342	-0.12439448386431
1.1104078292847	-0.12157985568047
1.1110000610352	-0.11877404898405
1.1115922927856	-0.11597874760628
1.1121845245361	-0.11319564282894
1.1127767562866	-0.11042638868093
1.1133689880371	-0.10767257213593
1.1139611005783	-0.10493578761816
1.1145533323288	-0.10221757739782
1.1151455640793	-0.099519424140453
1.1157377958298	-0.096842803061008
1.1163300275803	-0.094189144670963
1.1169222593307	-0.091559827327728
1.1175144910812	-0.088956177234650
1.1181067228317	-0.086379483342171
1.1186988353729	-0.083831012248993
1.1192910671234	-0.081311948597431
1.1198832988739	-0.078823447227478
1.1204755306244	-0.076366603374481
1.1210677623749	-0.073942482471466
1.1216599941254	-0.071552105247974
1.1222522258759	-0.069196417927742
1.1228444576263	-0.066876307129860
1.1234366893768	-0.064592629671097
1.1240288019180	-0.062346182763577
1.1246210336685	-0.060137726366520
1.1252132654190	-0.057967964559793
1.1258054971695	-0.055837530642748
1.1263977289200	-0.053747002035379
1.1269899606705	-0.051696933805943
1.1275821924210	-0.049687821418047
1.1281744241714	-0.047720082104206
1.1287665367126	-0.045794110745192
1.1293587684631	-0.043910242617130
1.1299510002136	-0.042068757116795
1.1305432319641	-0.040269877761602
1.1311354637146	-0.038513794541359
1.1317276954651	-0.036800649017096
1.1323199272156	-0.035130523145199
1.1329121589661	-0.033503461629152
1.1335042715073	-0.031919442117214
1.1340965032578	-0.030378431081772
1.1346887350082	-0.028880327939987
1.1352809667587	-0.027424974367023
1.1358731985092	-0.026012212038040
1.1364654302597	-0.024641819298267
1.1370576620102	-0.023313518613577
1.1376498937607	-0.022027017548680
1.1382421255112	-0.020781978964806
1.1388342380524	-0.019578035920858
1.1394264698029	-0.018414765596390
1.1400187015533	-0.017291730269790
1.1406109333038	-0.016208471730351
1.1412031650543	-0.015164473094046
1.1417953968048	-0.014159211888909
1.1423876285553	-0.013192125596106
1.1429798603058	-0.012262621894479
1.1435719728470	-0.011370110325515
1.1441642045975	-0.010513955727220
1.1447564363480	-0.0096934884786606
1.1453486680984	-0.0089080519974232
1.1459408998489	-0.0081569580361247
1.1465331315994	-0.0074394969269633
1.1471253633499	-0.0067549403756857
1.1477175951004	-0.0061025521717966
1.1483098268509	-0.0054815984331071
1.1489019393921	-0.0048913029022515
1.1494941711426	-0.0043309116736054
1.1500864028931	-0.0037996580358595
1.1506786346436	-0.0032967396546155
1.1512708663940	-0.0028213709592819
1.1518630981445	-0.0023727684747428
1.1524553298950	-0.0019501422066242
1.1530475616455	-0.0015526895876974
1.1536396741867	-0.0011796217877418
1.1542319059372	-0.00083015649579465
1.1548241376877	-0.00050348497461528
1.1554163694382	-0.00019881373737007
1.1560086011887	8.4620951383840e-05
1.1566008329391	0.00034759481786750
1.1571930646896	0.00059089501155540
1.1577852964401	0.00081527890870348
1.1583774089813	0.0010214927606285
1.1589696407318	0.0012102832552046
1.1595618724823	0.0013823887566105
1.1601541042328	0.0015385309234262
1.1607463359833	0.0016794166294858
1.1613385677338	0.0018057592678815
1.1619307994843	0.0019182375399396
1.1625230312347	0.0020175266545266
1.1631152629852	0.0021043021697551
1.1637073755264	0.0021791830658913
1.1642996072769	0.0022428019437939
1.1648918390274	0.0022957879118621
1.1654840707779	0.0023387263063341
1.1660763025284	0.0023722075857222
1.1666685342789	0.0023968068417162
1.1672607660294	0.0024130686651915
1.1678529977798	0.0024215213488787
1.1684451103210	0.0024226738605648
1.1690373420715	0.0024170391261578
1.1696295738220	0.0024051107466221
1.1702218055725	0.0023873392492533
1.1708140373230	0.0023641805164516
1.1714062690735	0.0023360638879240
1.1719985008240	0.0023033996112645
1.1725907325745	0.0022666028235108
1.1731828451157	0.0022260434925556
1.1737750768661	0.0021820876281708
1.1743673086166	0.0021350835449994
1.1749595403671	0.0020853651221842
1.1755517721176	0.0020332671701908
1.1761440038681	0.0019790756050497
1.1767362356186	0.0019230807665735
1.1773284673691	0.0018655599560589
1.1779206991196	0.0018067628843710
1.1785128116608	0.0017469433369115
1.1791050434113	0.0016863290220499
1.1796972751617	0.0016251354245469
1.1802895069122	0.0015635591698810
1.1808817386627	0.0015017910627648
1.1814739704132	0.0014400219079107
1.1820662021637	0.0013784018810838
1.1826584339142	0.0013170817401260
1.1832505464554	0.0012562286574394
1.1838427782059	0.0011959667317569
1.1844350099564	0.0011364041129127
1.1850272417068	0.0010776664130390
1.1856194734573	0.0010198506060988
1.1862117052078	0.00096304615726694
1.1868039369583	0.00090733938850462
1.1873961687088	0.00085280288476497
1.1879884004593	0.00079951074440032
1.1885805130005	0.00074752082582563
1.1891727447510	0.00069689349038526
1.1897649765015	0.00064767280127853
1.1903572082520	0.00059988687280566
1.1909494400024	0.00055357330711558
1.1915416717529	0.00050875544548035
1.1921339035034	0.00046546236262657
1.1927261352539	0.00042371335439384
1.1933182477951	0.00038351319381036