#Parameters = {ZL=50; C=0; L=100; Lamb=0.05; Li=0; R=1e-13; W=20; Zp2=50; dlump=2; er=2; h=0.8; w1=2.62}
#"Time / ns"	"o1,1 (ZL=50) [Real / W^(1/2)]"
#-------------------------------------------
0.0000000000000	-7.2405680384691e-07
0.00059221748961136	9.0226535576221e-08
0.0011844349792227	-9.0226535576221e-08
0.0017766525270417	-1.0397157979014e-07
0.0023688699584454	-1.4086822375248e-07
0.0029610875062644	-6.1448730548364e-08
0.0035533050540835	3.8347700126451e-08
0.0041455226019025	8.5533834237594e-08
0.0047377399168909	5.7800264130492e-08
0.0053299576975405	1.8850233374224e-08
0.0059221750125289	1.6598789898126e-08
0.0065143927931786	2.0442232795403e-08
0.0071066101081669	4.5878798538013e-09
0.0076988278888166	-1.1461250615241e-08
0.0082910452038050	-1.5830400101891e-08
0.0088832629844546	-2.0043957604798e-08
0.0094754798337817	-3.2170557773270e-08
0.010067697614431	-5.0737437362613e-08
0.010659915395081	-6.4070079019984e-08
0.011252133175731	-5.7761624816521e-08
0.011844350025058	-3.2803249894187e-08
0.012436567805707	-5.9153726361671e-09
0.013028785586357	-2.9735527373731e-09
0.013621003367007	-4.3937621541090e-08
0.014213220216334	-1.1079061579267e-07
0.014805437996984	-1.5548806686638e-07
0.015397655777633	-1.6098064747894e-07
0.015989873558283	-1.4617864962929e-07
0.016582090407610	-1.1622853435256e-07
0.017174307256937	-7.7218970773174e-08
0.017766525968909	-6.3456781163040e-08
0.018358742818236	-7.5898043405687e-08
0.018950959667563	-6.0541879065568e-08
0.019543178379536	-1.9609050383451e-08
0.020135395228863	-2.4757516925433e-08
0.020727613940835	-8.4100641117857e-08
0.021319830790162	-1.5478109105516e-07
0.021912047639489	-2.4844956669767e-07
0.022504266351461	-3.6283128679315e-07
0.023096483200788	-4.1458494592916e-07
0.023688700050116	-3.7516198858611e-07
0.024280918762088	-3.2193270271819e-07
0.024873135611415	-2.9468824891410e-07
0.025465352460742	-2.6647734330254e-07
0.026057571172714	-2.4128917175403e-07
0.026649788022041	-2.4563178158132e-07
0.027242006734014	-2.5900109790200e-07
0.027834223583341	-2.5223098987226e-07
0.028426440432668	-2.4330856263077e-07
0.029018659144640	-2.5759587174434e-07
0.029610875993967	-3.0064137490626e-07
0.030203092843294	-3.7099763972037e-07
0.030795311555266	-4.6365499883905e-07
0.031387530267239	-5.7244966455983e-07
0.031979747116566	-6.8128969132886e-07
0.032571963965893	-7.6601946830124e-07
0.033164180815220	-8.2352954677845e-07
0.033756397664547	-8.7413553728766e-07
0.034348614513874	-9.2549936425712e-07
0.034940835088491	-9.7116367214767e-07
0.035533051937819	-1.0232747627015e-06
0.036125268787146	-1.0972169093293e-06
0.036717485636473	-1.1743065897463e-06
0.037309702485800	-1.2313394108787e-06
0.037901919335127	-1.2777649089912e-06
0.038494139909744	-1.3218689218775e-06
0.039086356759071	-1.3594100209957e-06
0.039678573608398	-1.4048238199393e-06
0.040270790457726	-1.4651177480118e-06
0.040863007307053	-1.5211570598694e-06
0.041455227881670	-1.5928817447275e-06
0.042047444730997	-1.7322247458651e-06
0.042639661580324	-1.9189656086382e-06
0.043231878429651	-2.0985949049646e-06
0.043824095278978	-2.2880371943756e-06
0.044416312128305	-2.5100973743974e-06
0.045008532702923	-2.7202702312934e-06
0.045600749552250	-2.8942179142177e-06
0.046192966401577	-3.0759276796744e-06
0.046785183250904	-3.2835973797773e-06
0.047377400100231	-3.4918564324471e-06
0.047969620674849	-3.7180411709414e-06
0.048561837524176	-4.0025656744547e-06
0.049154054373503	-4.3270142668916e-06
0.049746271222830	-4.6358691179194e-06
0.050338488072157	-4.9109808060166e-06
0.050930704921484	-5.1821416491293e-06
0.051522925496101	-5.4894594541111e-06
0.052115142345428	-5.8432005971554e-06
0.052707359194756	-6.2236777012004e-06
0.053299576044083	-6.6201519075548e-06
0.053891792893410	-7.0261257860693e-06
0.054484013468027	-7.4317490543763e-06
0.055076230317354	-7.8541670518462e-06
0.055668447166681	-8.3210125012556e-06
0.056260664016008	-8.8241158664459e-06
0.056852880865335	-9.3370626927936e-06
0.057445097714663	-9.8708806035575e-06
0.058037318289280	-1.0457609278092e-05
0.058629535138607	-1.1094860383309e-05
0.059221751987934	-1.1767970136134e-05
0.059813968837261	-1.2484587387007e-05
0.060406185686588	-1.3240606676845e-05
0.060998406261206	-1.4020250091562e-05
0.061590623110533	-1.4845871191937e-05
0.062182839959860	-1.5747029465274e-05
0.062775060534477	-1.6708889233996e-05
0.063367277383804	-1.7717733499012e-05
0.063959494233131	-1.8789771274896e-05
0.064551711082458	-1.9912666175514e-05
0.065143927931786	-2.1052162992419e-05
0.065736144781113	-2.2230573449633e-05
0.066328361630440	-2.3490760213463e-05
0.066920578479767	-2.4819621103234e-05
0.067512795329094	-2.6194054953521e-05
0.068105012178421	-2.7637928724289e-05
0.068697229027748	-2.9172646463849e-05
0.069289453327656	-3.0784842238063e-05
0.069881670176983	-3.2474847103003e-05
0.070473887026310	-3.4253254852956e-05
0.071066103875637	-3.6107747291680e-05
0.071658320724964	-3.8029240386095e-05
0.072250537574291	-4.0031143726083e-05
0.072842754423618	-4.2141193262069e-05
0.073434971272945	-4.4384436478140e-05
0.074027188122272	-4.6758086682530e-05
0.074619404971600	-4.9237023631576e-05
0.075211621820927	-5.1816492486978e-05
0.075803838670254	-5.4511758207809e-05
0.076396062970161	-5.7316639868077e-05
0.076988279819489	-6.0227830545045e-05
0.077580496668816	-6.3280218455475e-05
0.078172713518143	-6.6500972025096e-05
0.078764930367470	-6.9874586188234e-05
0.079357147216797	-7.3397604865022e-05
0.079949364066124	-7.7092685387470e-05
0.080541580915451	-8.0949510447681e-05
0.081133797764778	-8.4947343566455e-05
0.081726014614105	-8.9109555119649e-05
0.082318231463432	-9.3463844677899e-05
0.082910455763340	-9.8004333267454e-05
0.083502672612667	-0.00010272429062752
0.084094889461994	-0.00010763670434244
0.084687106311321	-0.00011274744611001
0.085279323160648	-0.00011806441762019
0.085871540009975	-0.00012361266999505
0.086463756859303	-0.00012939366570208
0.087055973708630	-0.00013538570783567
0.087648190557957	-0.00014160473074298
0.088240407407284	-0.00014808920968790
0.088832624256611	-0.00015483981405850
0.089424848556519	-0.00016185022832360
0.090017065405846	-0.00016913638683036
0.090609282255173	-0.00017670472152531
0.091201499104500	-0.00018454139353707
0.091793715953827	-0.00019265193259344
0.092385932803154	-0.00020105730800424
0.092978149652481	-0.00020977111125831
0.093570366501808	-0.00021880365966354
0.094162583351135	-0.00022816770069767
0.094754800200462	-0.00023787171812728
0.095347017049789	-0.00024792831391096
0.095939241349697	-0.00025833607651293
0.096531458199024	-0.00026908691506833
0.097123675048351	-0.00028019063756801
0.097715891897678	-0.00029167596949264
0.098308108747005	-0.00030355088529177
0.098900325596333	-0.00031581099028699
0.099492542445660	-0.00032848404953256
0.10008475929499	-0.00034158938797191
0.10067697614431	-0.00035511187161319
0.10126919299364	-0.00036904367152601
0.10186140984297	-0.00038340681931004
0.10245363414288	-0.00039820524398237
0.10304585099220	-0.00041344715282321
0.10363806784153	-0.00042916927486658
0.10423028469086	-0.00044539419468492
0.10482250154018	-0.00046210191794671
0.10541471838951	-0.00047927501145750
0.10600693523884	-0.00049692281754687
0.10659915208817	-0.00051505607552826
0.10719136893749	-0.00053368974477053
0.10778358578682	-0.00055285100825131
0.10837580263615	-0.00057255459250882
0.10896802693605	-0.00059277948457748
0.10956024378538	-0.00061352661577985
0.11015246063471	-0.00063481158576906
0.11074467748404	-0.00065663282293826
0.11133689433336	-0.00067899620626122
0.11192911118269	-0.00070192228304222
0.11252132803202	-0.00072542007546872
0.11311354488134	-0.00074947858229280
0.11370576173067	-0.00077408930519596
0.11429797858000	-0.00079927314072847
0.11489019542933	-0.00082503480371088
0.11548241972923	-0.00085138011490926
0.11607463657856	-0.00087831134442240
0.11666685342789	-0.00090582750272006
0.11725907027721	-0.00093391968403012
0.11785128712654	-0.00096260325517505
0.11844350397587	-0.00099185877479613
0.11903572082520	-0.0010216892696917
0.11962793767452	-0.0010521174408495
0.12022015452385	-0.0010831230320036
0.12081237137318	-0.0011146831093356
0.12140458822250	-0.0011468238662928
0.12199681252241	-0.0011795564787462
0.12258902937174	-0.0012128591770306
0.12318124622107	-0.0012467073975131
0.12377346307039	-0.0012811089400202
0.12436567991972	-0.0013160565868020
0.12495789676905	-0.0013515540631488
0.12555012106895	-0.0013875819277018
0.12614233791828	-0.0014241560129449
0.12673455476761	-0.0014612500090152
0.12732677161694	-0.0014988300390542
0.12791898846626	-0.0015368798049167
0.12851120531559	-0.0015754099003971
0.12910342216492	-0.0016144085675478
0.12969563901424	-0.0016538768541068
0.13028785586357	-0.0016937990440056
0.13088007271290	-0.0017341489437968
0.13147228956223	-0.0017749031540006
0.13206450641155	-0.0018160555046052
0.13265672326088	-0.0018575816648081
0.13324894011021	-0.0018994550919160
0.13384115695953	-0.0019416670547798
0.13443337380886	-0.0019841992761940
0.13502559065819	-0.0020270401146263
0.13561780750751	-0.0020701622124761
0.13621002435684	-0.0021135481074452
0.13680224120617	-0.0021571528632194
0.13739445805550	-0.0022009660024196
0.13798667490482	-0.0022449716925621
0.13857890665531	-0.0022891263943166
0.13917112350464	-0.0023334093857557
0.13976334035397	-0.0023777920287102
0.14035555720329	-0.0024222673382610
0.14094777405262	-0.0024667971301824
0.14153999090195	-0.0025113623123616
0.14213220775127	-0.0025559123605490
0.14272442460060	-0.0026004151441157
0.14331664144993	-0.0026448327116668
0.14390885829926	-0.0026891748420894
0.14450107514858	-0.0027333954349160
0.14509329199791	-0.0027774546761066
0.14568550884724	-0.0028213055338711
0.14627772569656	-0.0028649440500885
0.14686994254589	-0.0029083120170981
0.14746215939522	-0.0029513908084482
0.14805437624454	-0.0029941436368972
0.14864659309387	-0.0030365453567356
0.14923880994320	-0.0030785570852458
0.14983102679253	-0.0031201508827507
0.15042324364185	-0.0031612836755812
0.15101546049118	-0.0032019279897213
0.15160767734051	-0.0032420260831714
0.15219990909100	-0.0032815800514072
0.15279212594032	-0.0033205328509212
0.15338434278965	-0.0033588770311326
0.15397655963898	-0.0033965550828725
0.15456877648830	-0.0034335330128670
0.15516099333763	-0.0034697786904871
0.15575321018696	-0.0035052788443863
0.15634542703629	-0.0035400080960244
0.15693764388561	-0.0035739080049098
0.15752986073494	-0.0036069543566555
0.15812207758427	-0.0036391359753907
0.15871429443359	-0.0036703937221318
0.15930651128292	-0.0037007182836533
0.15989872813225	-0.0037300956901163
0.16049094498158	-0.0037584735546261
0.16108316183090	-0.0037858157884330
0.16167537868023	-0.0038121163379401
0.16226759552956	-0.0038373698480427
0.16285981237888	-0.0038615330122411
0.16345202922821	-0.0038846051320434
0.16404424607754	-0.0039065335877240
0.16463646292686	-0.0039273118600249
0.16522869467735	-0.0039469064213336
0.16582091152668	-0.0039652977138758
0.16641312837601	-0.0039824745617807
0.16700534522533	-0.0039984444156289
0.16759756207466	-0.0040131881833076
0.16818977892399	-0.0040266886353493
0.16878199577332	-0.0040389387868345
0.16937421262264	-0.0040499027818441
0.16996642947197	-0.0040595834143460
0.17055864632130	-0.0040680025704205
0.17115086317062	-0.0040751327760518
0.17174308001995	-0.0040809703059494
0.17233529686928	-0.0040854904800653
0.17292751371861	-0.0040887100622058
0.17351973056793	-0.0040906150825322
0.17411194741726	-0.0040912707336247
0.17470416426659	-0.0040906420908868
0.17529638111591	-0.0040887240320444
0.17588859796524	-0.0040855580009520
0.17648081481457	-0.0040811160579324
0.17707303166389	-0.0040753693319857
0.17766524851322	-0.0040683941915631
0.17825748026371	-0.0040601920336485
0.17884969711304	-0.0040507647208869
0.17944191396236	-0.0040401257574558
0.18003413081169	-0.0040283398702741
0.18062634766102	-0.0040153549052775
0.18121856451035	-0.0040012430399656
0.18181078135967	-0.0039860010147095
0.18240299820900	-0.0039696749299765
0.18299521505833	-0.0039522536098957
0.18358743190765	-0.0039337826892734
0.18417964875698	-0.0039142724126577
0.18477186560631	-0.0038937819190323
0.18536408245564	-0.0038723056204617
0.18595629930496	-0.0038498882204294
0.18654851615429	-0.0038265588227659
0.18714073300362	-0.0038023449014872
0.18773294985294	-0.0037772930227220
0.18832516670227	-0.0037514509167522
0.18891738355160	-0.0037248278968036
0.18950960040092	-0.0036974616814405
0.19010181725025	-0.0036694197915494
0.19069403409958	-0.0036407052539289
0.19128626585007	-0.0036113529931754
0.19187848269939	-0.0035814098082483
0.19247069954872	-0.0035508957225829
0.19306291639805	-0.0035198789555579
0.19365513324738	-0.0034883895423263
0.19424735009670	-0.0034564689267427
0.19483956694603	-0.0034241427201778
0.19543178379536	-0.0033914621453732
0.19602400064468	-0.0033584628254175
0.19661621749401	-0.0033251938875765
0.19720843434334	-0.0032916956115514
0.19780065119267	-0.0032580113038421
0.19839286804199	-0.0032241644803435
0.19898508489132	-0.0031901856418699
0.19957730174065	-0.0031561153009534
0.20016951858997	-0.0031220300588757
0.20076173543930	-0.0030879222322255
0.20135395228863	-0.0030538621358573
0.20194616913795	-0.0030198900494725
0.20253838598728	-0.0029860243666917
0.20313060283661	-0.0029522855766118
0.20372281968594	-0.0029187477193773
0.20431503653526	-0.0028854324482381
0.20490726828575	-0.0028523630462587
0.20549948513508	-0.0028195676859468
0.20609170198441	-0.0027871062047780
0.20668391883373	-0.0027549997903407
0.20727613568306	-0.0027232577558607
0.20786835253239	-0.0026919015217572
0.20846056938171	-0.0026609774213284
0.20905278623104	-0.0026305078063160
0.20964500308037	-0.0026005324907601
0.21023721992970	-0.0025710749905556
0.21082943677902	-0.0025421450845897
0.21142165362835	-0.0025137637276202
0.21201387047768	-0.0024859667755663
0.21260608732700	-0.0024587663356215
0.21319830417633	-0.0024321663659066
0.21379052102566	-0.0024061955045909
0.21438273787498	-0.0023808609694242
0.21497495472431	-0.0023561909329146
0.21556717157364	-0.0023322156630456
0.21615938842297	-0.0023089339956641
0.21675160527229	-0.0022863480262458
0.21734382212162	-0.0022644549608231
0.21793605387211	-0.0022432587575167
0.21852827072144	-0.0022227745503187
0.21912048757076	-0.0022030265536159
0.21971270442009	-0.0021840045228601
0.22030492126942	-0.0021656907629222
0.22089713811874	-0.0021480983123183
0.22148935496807	-0.0021312474273145
0.22208157181740	-0.0021151285618544
0.22267378866673	-0.0020997242536396
0.22326600551605	-0.0020850407890975
0.22385822236538	-0.0020710732787848
0.22445043921471	-0.0020578114781529
0.22504265606403	-0.0020452209282666
0.22563487291336	-0.0020333288703114
0.22622708976269	-0.0020221397280693
0.22681930661201	-0.0020116192754358
0.22741152346134	-0.0020017540082335
0.22800374031067	-0.0019925294909626
0.22859595716000	-0.0019839203450829
0.22918817400932	-0.0019759002607316
0.22978039085865	-0.0019684892613441
0.23037260770798	-0.0019616603385657
0.23096483945847	-0.0019554102327675
0.23155705630779	-0.0019496940076351
0.23214927315712	-0.0019444942008704
0.23274149000645	-0.0019398070871830
0.23333370685577	-0.0019355990225449
0.23392592370510	-0.0019318636041135
0.23451814055443	-0.0019285747548565
0.23511035740376	-0.0019256982486695
0.23570257425308	-0.0019232162740082
0.23629479110241	-0.0019210978643969
0.23688700795174	-0.0019193424377590
0.23747922480106	-0.0019179126247764
0.23807144165039	-0.0019167809514329
0.23866365849972	-0.0019159374060109
0.23925587534904	-0.0019153390312567
0.23984809219837	-0.0019149559084326
0.24044030904770	-0.0019147717393935
0.24103252589703	-0.0019147798884660
0.24162474274635	-0.0019149513682351
0.24221695959568	-0.0019152550958097
0.24280917644501	-0.0019156588241458
0.24340139329433	-0.0019161368254572
0.24399362504482	-0.0019166532438248
0.24458584189415	-0.0019171861931682
0.24517805874348	-0.0019177318317816
0.24577027559280	-0.0019182681571692
0.24636249244213	-0.0019187678117305
0.24695470929146	-0.0019191798055544
0.24754692614079	-0.0019195090280846
0.24813914299011	-0.0019197489600629
0.24873135983944	-0.0019198454683647
0.24932357668877	-0.0019197794608772
0.24991579353809	-0.0019195311469957
0.25050801038742	-0.0019190791063011
0.25110024213791	-0.0019184073898941
0.25169244408607	-0.0019174893386662
0.25228467583656	-0.0019163247197866
0.25287687778473	-0.0019148925784975
0.25346910953522	-0.0019131668377668
0.25406131148338	-0.0019111254950985
0.25465354323387	-0.0019087424734607
0.25524574518204	-0.0019060213817284
0.25583797693253	-0.0019029494142160
0.25643017888069	-0.0018995020072907
0.25702241063118	-0.0018956729909405
0.25761461257935	-0.0018914412939921
0.25820684432983	-0.0018867850303650
0.25879904627800	-0.0018817113013938
0.25939127802849	-0.0018762104446068
0.25998347997665	-0.0018702619709074
0.26057571172714	-0.0018638628534973
0.26116791367531	-0.0018570114625618
0.26176014542580	-0.0018496962729841
0.26235234737396	-0.0018418937688693
0.26294457912445	-0.0018336195498705
0.26353678107262	-0.0018248857231811
0.26412901282310	-0.0018156478181481
0.26472124457359	-0.0018059061840177
0.26531344652176	-0.0017956787487492
0.26590567827225	-0.0017849614378065
0.26649788022041	-0.0017737542511895
0.26709011197090	-0.0017620516009629
0.26768231391907	-0.0017498636152595
0.26827454566956	-0.0017371851718053
0.26886674761772	-0.0017240078886971
0.26945897936821	-0.0017103656427935
0.27005118131638	-0.0016962684458122
0.27064341306686	-0.0016816902207211
0.27123561501503	-0.0016666353913024
0.27182784676552	-0.0016511159483343
0.27242004871368	-0.0016351495869458
0.27301228046417	-0.0016187491128221
0.27360448241234	-0.0016019085887820
0.27419671416283	-0.0015846471069381
0.27478891611099	-0.0015669701388106
0.27538114786148	-0.0015488895587623
0.27597334980965	-0.0015304312109947
0.27656558156013	-0.0015115919522941
0.27715781331062	-0.0014923928538337
0.27775001525879	-0.0014728346141055
0.27834224700928	-0.0014529211912304
0.27893444895744	-0.0014326949603856
0.27952668070793	-0.0014121584827080
0.28011888265610	-0.0013913151342422
0.28071111440659	-0.0013701939024031
0.28130331635475	-0.0013488170225173
0.28189554810524	-0.0013271959032863
0.28248775005341	-0.0013053356669843
0.28307998180389	-0.0012832607608289
0.28367218375206	-0.0012609958648682
0.28426441550255	-0.0012385409791023
0.28485661745071	-0.0012159181060269
0.28544884920120	-0.0011931608896703
0.28604105114937	-0.0011702704941854
0.28663328289986	-0.0011472628684714
0.28722548484802	-0.0011241679312661
0.28781771659851	-0.0011010003509000
0.28840991854668	-0.0010777714196593
0.28900215029716	-0.0010545003460720
0.28959435224533	-0.0010312278755009
0.29018658399582	-0.0010079607600346
0.29077881574631	-0.00098469166550785
0.29137101769447	-0.00096145551651716
0.29196324944496	-0.00093827489763498
0.29255545139313	-0.00091515696840361
0.29314768314362	-0.00089211796876043
0.29373988509178	-0.00086918694432825
0.29433211684227	-0.00084638694534078
0.29492431879044	-0.00082371744792908
0.29551655054092	-0.00080119870835915
0.29610875248909	-0.00077886169310659
0.29670098423958	-0.00075670913793147
0.29729318618774	-0.00073475204408169
0.29788541793823	-0.00071301037678495
0.29847761988640	-0.00069149053888395
0.29906985163689	-0.00067021913127974
0.29966205358505	-0.00064920185832307
0.30025428533554	-0.00062843761406839
0.30084648728371	-0.00060796650359407
0.30143871903419	-0.00058779923710972
0.30203092098236	-0.00056793936528265
0.30262315273285	-0.00054839649237692
0.30321535468102	-0.00052917574066669
0.30380758643150	-0.00051029492169619
0.30439981818199	-0.00049175659660250
0.30499202013016	-0.00047358416486531
0.30558425188065	-0.00045578199205920
0.30617645382881	-0.00043833622476086
0.30676868557930	-0.00042127503547817
0.30736088752747	-0.00040460124728270
0.30795311927795	-0.00038831360870972
0.30854532122612	-0.00037243484985083
0.30913755297661	-0.00035696726990864
0.30972975492477	-0.00034190743463114
0.31032198667526	-0.00032724643824622
0.31091418862343	-0.00031298919930123
0.31150642037392	-0.00029916741186753
0.31209862232208	-0.00028577769990079
0.31269085407257	-0.00027280178619549
0.31328305602074	-0.00026024485123344
0.31387528777122	-0.00024810287868604
0.31446748971939	-0.00023638046695851
0.31505972146988	-0.00022507811081596
0.31565192341805	-0.00021419842960313
0.31624415516853	-0.00020375491294544
0.31683638691902	-0.00019372226961423
0.31742858886719	-0.00018409371841699
0.31802082061768	-0.00017487637524027
0.31861302256584	-0.00016606018471066
0.31920525431633	-0.00015765590069350
0.31979745626450	-0.00014965276932344
0.32038968801498	-0.00014203105820343
0.32098188996315	-0.00013479555491358
0.32157412171364	-0.00012794093345292
0.32216632366180	-0.00012145536311436
0.32275855541229	-0.00011534106306499
0.32335075736046	-0.00010959284554701
0.32394298911095	-0.00010419254977023
0.32453519105911	-9.9131299066357e-05
0.32512742280960	-9.4412316684611e-05
0.32571962475777	-9.0030487626791e-05
0.32631185650826	-8.5956002294552e-05
0.32690405845642	-8.2188664237037e-05
0.32749629020691	-7.8736477007624e-05
0.32808849215508	-7.5573851063382e-05
0.32868072390556	-7.2698014264461e-05
0.32927292585373	-7.0093570684548e-05
0.32986515760422	-6.7742374085356e-05
0.33045738935471	-6.5645785070956e-05
0.33104959130287	-6.3787680119276e-05
0.33164182305336	-6.2169456214178e-05
0.33223402500153	-6.0784142988268e-05
0.33282625675201	-5.9614689234877e-05
0.33341845870018	-5.8653669839259e-05
0.33401069045067	-5.7879555242835e-05
0.33460289239883	-5.7287397794425e-05
0.33519512414932	-5.6875702284742e-05
0.33578732609749	-5.6625434808666e-05
0.33637955784798	-5.6522192608099e-05
0.33697175979614	-5.6554963521194e-05
0.33756399154663	-5.6724427849986e-05
0.33815619349480	-5.7027860748349e-05
0.33874842524529	-5.7440120144747e-05
0.33934062719345	-5.7953897339758e-05
0.33993285894394	-5.8561803598423e-05
0.34052506089211	-5.9254161897115e-05
0.34111729264259	-6.0041766118957e-05
0.34170949459076	-6.0896843933733e-05
0.34230172634125	-6.1799801187590e-05
0.34289395809174	-6.2756400438957e-05
0.34348616003990	-6.3747829699423e-05
0.34407839179039	-6.4769214077387e-05
0.34467059373856	-6.5819265728351e-05
0.34526282548904	-6.6898333898280e-05
0.34585502743721	-6.7991662945133e-05
0.34644725918770	-6.9077592343092e-05
0.34703946113586	-7.0173133281060e-05
0.34763169288635	-7.1269314503297e-05
0.34822389483452	-7.2341856139246e-05
0.34881612658501	-7.3394949140493e-05
0.34940832853317	-7.4425406637602e-05
0.35000056028366	-7.5426905823406e-05
0.35059276223183	-7.6396696385927e-05
0.35118499398232	-7.7320844866335e-05
0.35177719593048	-7.8194781963248e-05
0.35236942768097	-7.9025208833627e-05
0.35296162962914	-7.9808232840151e-05
0.35355386137962	-8.0542071373202e-05
0.35414606332779	-8.1214879173785e-05
0.35473829507828	-8.1820347986650e-05
0.35533049702644	-8.2364596892148e-05
0.35592272877693	-8.2841914263554e-05
0.35651496052742	-8.3262020780239e-05
0.35710716247559	-8.3615937910508e-05
0.35769939422607	-8.3890517998952e-05
0.35829159617424	-8.4096289356239e-05
0.35888382792473	-8.4222883742768e-05
0.35947602987289	-8.4270788647700e-05
0.36006826162338	-8.4244216850493e-05
0.36066046357155	-8.4143823187333e-05
0.36125269532204	-8.3982129581273e-05
0.36184489727020	-8.3743951108772e-05
0.36243712902069	-8.3425897173584e-05
0.36302933096886	-8.3048529631924e-05
0.36362156271935	-8.2593949628063e-05
0.36421376466751	-8.2051905337721e-05
0.36480599641800	-8.1444457464386e-05
0.36539819836617	-8.0772231740411e-05
0.36599043011665	-8.0033220001496e-05
0.36658263206482	-7.9228273534682e-05
0.36717486381531	-7.8365235822275e-05
0.36776706576347	-7.7445823990274e-05
0.36835929751396	-7.6452415669337e-05
0.36895149946213	-7.5404946983326e-05
0.36954373121262	-7.4305906309746e-05
0.37013596296310	-7.3145536589436e-05
0.37072816491127	-7.1947506512515e-05
0.37132039666176	-7.0705376856495e-05
0.37191259860992	-6.9418136263266e-05
0.37250483036041	-6.8092776928097e-05
0.37309703230858	-6.6723412601277e-05
0.37368926405907	-6.5316642576363e-05
0.37428146600723	-6.3880361267366e-05
0.37487369775772	-6.2426181102637e-05
0.37546589970589	-6.0946546000196e-05
0.37605813145638	-5.9431731642690e-05
0.37665033340454	-5.7899706007447e-05
0.37724256515503	-5.6358472647844e-05
0.37783476710320	-5.4802338127047e-05
0.37842699885368	-5.3236246458255e-05
0.37901920080185	-5.1661900215549e-05
0.37961143255234	-5.0076541810995e-05
0.38020363450050	-4.8488753236597e-05
0.38079586625099	-4.6908389776945e-05
0.38138806819916	-4.5342283556238e-05
0.38198029994965	-4.3779724364867e-05
0.38257253170013	-4.2223957279930e-05
0.38316473364830	-4.0694885683479e-05
0.38375696539879	-3.9174585253932e-05
0.38434916734695	-3.7660152884200e-05
0.38494139909744	-3.6165663914289e-05
0.38553360104561	-3.4690379834501e-05
0.38612583279610	-3.3242587960558e-05
0.38671803474426	-3.1825624319026e-05
0.38731026649475	-3.0443976356764e-05
0.38790246844292	-2.9090877433191e-05
0.38849470019341	-2.7756843337556e-05
0.38908690214157	-2.6461595552973e-05
0.38967913389206	-2.5208966690116e-05
0.39027133584023	-2.3986727683223e-05
0.39086356759071	-2.2806261767983e-05
0.39145576953888	-2.1665684471373e-05
0.39204800128937	-2.0556797608151e-05
0.39264020323753	-1.9489818441798e-05
0.39323243498802	-1.8458025806467e-05
0.39382463693619	-1.7471158571425e-05
0.39441686868668	-1.6535524991923e-05
0.39500907063484	-1.5635878298781e-05
0.39560130238533	-1.4783282495046e-05
0.39619353413582	-1.3977419257571e-05
0.39678573608398	-1.3223499991000e-05
0.39737796783447	-1.2514943591668e-05
0.39797016978264	-1.1831578376587e-05
0.39856240153313	-1.1199146683794e-05
0.39915460348129	-1.0618167834764e-05
0.39974683523178	-1.0076194485009e-05
0.40033903717995	-9.5793666332611e-06
0.40093126893044	-9.1249321485520e-06
0.40152347087860	-8.7181497292477e-06
0.40211570262909	-8.3504692156566e-06
0.40270790457726	-8.0197396528092e-06
0.40330013632774	-7.7364147728076e-06
0.40389233827591	-7.4898607635987e-06
0.40448457002640	-7.2825819188438e-06
0.40507677197456	-7.1223189479497e-06
0.40566900372505	-6.9938314481988e-06
0.40626120567322	-6.8991275838926e-06
0.40685343742371	-6.8453223320830e-06
0.40744563937187	-6.8239128268033e-06
0.40803787112236	-6.8307476794871e-06
0.40863007307053	-6.8602530518547e-06
0.40922230482101	-6.9249012994987e-06
0.40981453657150	-7.0239952947304e-06
0.41040673851967	-7.1433482844441e-06
0.41099897027016	-7.2955031100719e-06
0.41159117221832	-7.4700005825434e-06
0.41218340396881	-7.6635169534711e-06
0.41277560591698	-7.8891907833167e-06
0.41336783766747	-8.1350290201954e-06
0.41396003961563	-8.3960167103214e-06
0.41455227136612	-8.6670424934709e-06
0.41514447331429	-8.9433597167954e-06
0.41573670506477	-9.2352975116228e-06
0.41632890701294	-9.5472942120978e-06
0.41692113876343	-9.8723567134584e-06
0.41751334071159	-1.0204003956460e-05
0.41810557246208	-1.0540366929490e-05
0.41869777441025	-1.0886064046645e-05
0.41929000616074	-1.1234284102102e-05
0.41988220810890	-1.1577654731809e-05
0.42047443985939	-1.1937137060158e-05
0.42106664180756	-1.2301733477216e-05
0.42165887355804	-1.2652468285523e-05
0.42225110530853	-1.3003957974433e-05
0.42284330725670	-1.3355647752178e-05
0.42343553900719	-1.3706829122384e-05
0.42402774095535	-1.4044777344679e-05
0.42461997270584	-1.4368351912708e-05
0.42521217465401	-1.4694834135298e-05
0.42580440640450	-1.5014707969385e-05
0.42639660835266	-1.5333233022830e-05
0.42698884010315	-1.5646199244657e-05
0.42758104205132	-1.5937710486469e-05
0.42817327380180	-1.6214562492678e-05
0.42876547574997	-1.6477879398735e-05
0.42935770750046	-1.6737832993385e-05
0.42994990944862	-1.6994643374346e-05
0.43054214119911	-1.7229096556548e-05
0.43113434314728	-1.7447780919611e-05
0.43172657489777	-1.7652133465162e-05
0.43231877684593	-1.7833437595982e-05
0.43291100859642	-1.8003778677667e-05
0.43350321054459	-1.8161219486501e-05
0.43409544229507	-1.8304708646610e-05
0.43468764424324	-1.8434287994751e-05
0.43527987599373	-1.8542124962551e-05
0.43587210774422	-1.8640666894498e-05
0.43646430969238	-1.8717761122389e-05
0.43705654144287	-1.8773374904413e-05
0.43764874339104	-1.8822735000867e-05
0.43824097514153	-1.8848129911930e-05
0.43883317708969	-1.8855380403693e-05
0.43942540884018	-1.8844804799301e-05
0.44001761078835	-1.8816706869984e-05
0.44060984253883	-1.8784076019074e-05
0.44120204448700	-1.8725728295976e-05
0.44179427623749	-1.8645434465725e-05
0.44238647818565	-1.8565337086329e-05
0.44297870993614	-1.8472279407433e-05
0.44357091188431	-1.8353066479904e-05
0.44416314363480	-1.8215067029814e-05
0.44475534558296	-1.8068301869789e-05
0.44534757733345	-1.7915190255735e-05
0.44593977928162	-1.7744903743733e-05
0.44653201103210	-1.7559224943398e-05
0.44712421298027	-1.7368880435242e-05
0.44771644473076	-1.7164478776976e-05
0.44830864667892	-1.6955602404778e-05
0.44890087842941	-1.6742180378060e-05
0.44949311017990	-1.6509429769940e-05
0.45008531212807	-1.6267953469651e-05
0.45067754387856	-1.6014033462852e-05
0.45126974582672	-1.5755775166326e-05
0.45186197757721	-1.5500427252846e-05
0.45245417952538	-1.5236482795444e-05
0.45304641127586	-1.4972178178141e-05
0.45363861322403	-1.4703322449350e-05
0.45423084497452	-1.4426047528104e-05
0.45482304692268	-1.4146380635793e-05
0.45541527867317	-1.3863877939002e-05
0.45600748062134	-1.3585111446446e-05
0.45659971237183	-1.3302867046150e-05
0.45719191431999	-1.3011284863751e-05
0.45778414607048	-1.2724924090435e-05
0.45837634801865	-1.2439118108887e-05
0.45896857976913	-1.2149954272900e-05
0.45956078171730	-1.1866829481733e-05
0.46015301346779	-1.1584406820475e-05
0.46074521541595	-1.1307385648252e-05
0.46133744716644	-1.1028109838662e-05
0.46192967891693	-1.0749928151199e-05
0.46252188086510	-1.0494907655811e-05
0.46311411261559	-1.0235678018944e-05
0.46370631456375	-9.9713515737676e-06
0.46429854631424	-9.7209531304543e-06
0.46489074826241	-9.4717597676208e-06
0.46548298001289	-9.2220079750405e-06
0.46607518196106	-8.9723789642449e-06
0.46666741371155	-8.7398266259697e-06
0.46725961565971	-8.5223637142917e-06
0.46785184741020	-8.3005943452008e-06
0.46844404935837	-8.0894787970465e-06
0.46903628110886	-7.8904613474151e-06
0.46962848305702	-7.6951000664849e-06
0.47022071480751	-7.5091033977515e-06
0.47081291675568	-7.3326059464307e-06
0.47140514850616	-7.1646486503596e-06
0.47199735045433	-7.0022147156124e-06
0.47258958220482	-6.8406661739573e-06
0.47318178415298	-6.6908824010170e-06
0.47377401590347	-6.5543945311219e-06
0.47436621785164	-6.4241116888297e-06
0.47495844960213	-6.3090606090555e-06
0.47555068135262	-6.2023518694332e-06
0.47614288330078	-6.1028840718791e-06
0.47673511505127	-6.0110087360954e-06
0.47732731699944	-5.9147746469534e-06
0.47791954874992	-5.8289829212299e-06
0.47851175069809	-5.7590718824940e-06
0.47910398244858	-5.7024785746762e-06
0.47969618439674	-5.6562303143437e-06
0.48028841614723	-5.6089734243869e-06
0.48088061809540	-5.5658351811871e-06
0.48147284984589	-5.5249711294891e-06
0.48206505179405	-5.4918705245655e-06
0.48265728354454	-5.4776014621893e-06
0.48324948549271	-5.4631973398500e-06
0.48384171724319	-5.4494430514751e-06
0.48443391919136	-5.4561392062169e-06
0.48502615094185	-5.4640436246700e-06
0.48561835289001	-5.4638712754240e-06
0.48621058464050	-5.4733554861741e-06
0.48680278658867	-5.4946754062257e-06
0.48739501833916	-5.5209720812854e-06
0.48798725008965	-5.5412351684936e-06
0.48857945203781	-5.5733630688337e-06
0.48917168378830	-5.6189105634985e-06
0.48976388573647	-5.6537187447248e-06
0.49035611748695	-5.6993035286723e-06
0.49094831943512	-5.7521192502463e-06
0.49154055118561	-5.8013324633066e-06
0.49213275313377	-5.8535720199870e-06
0.49272498488426	-5.8998407439503e-06
0.49331718683243	-5.9598201005429e-06
0.49390941858292	-6.0256593314989e-06
0.49450162053108	-6.0803663473052e-06
0.49509385228157	-6.1428740991687e-06
0.49568605422974	-6.2053168221610e-06
0.49627828598022	-6.2620397329738e-06
0.49687048792839	-6.3240440795198e-06
0.49746271967888	-6.3869092628011e-06
0.49805492162704	-6.4479709180887e-06
0.49864715337753	-6.5087419898191e-06
0.49923935532570	-6.5720387283363e-06
0.49983158707619	-6.6371053435432e-06
0.50042378902435	-6.6886054810311e-06
0.50101602077484	-6.7343062255532e-06
0.50160825252533	-6.7865503297071e-06
0.50220048427582	-6.8337999437063e-06
0.50279265642166	-6.8801768975391e-06
0.50338488817215	-6.9227926360327e-06
0.50397711992264	-6.9631510086765e-06
0.50456935167313	-7.0071491791168e-06
0.50516152381897	-7.0400674303528e-06
0.50575375556946	-7.0730247898609e-06
0.50634598731995	-7.1087770265876e-06
0.50693821907043	-7.1329436650558e-06
0.50753039121628	-7.1535569077241e-06
0.50812262296677	-7.1778331403038e-06
0.50871485471725	-7.2019593062578e-06
0.50930708646774	-7.2136599555961e-06
0.50989925861359	-7.2131774686568e-06
0.51049149036407	-7.2214188548969e-06
0.51108372211456	-7.2363395702268e-06
0.51167595386505	-7.2377761171083e-06
0.51226812601089	-7.2368602559436e-06
0.51286035776138	-7.2379493758490e-06
0.51345258951187	-7.2299017119803e-06
0.51404482126236	-7.2192792686110e-06
0.51463705301285	-7.2051866482070e-06
0.51522922515869	-7.1951267273107e-06
0.51582145690918	-7.1836457209429e-06
0.51641368865967	-7.1610588747717e-06
0.51700592041016	-7.1408635449188e-06
0.51759809255600	-7.1137096711027e-06
0.51819032430649	-7.0798973865749e-06
0.51878255605698	-7.0427890932478e-06
0.51937478780746	-7.0026248977229e-06
0.51996695995331	-6.9700513449789e-06
0.52055919170380	-6.9310349317675e-06
0.52115142345428	-6.8903023020539e-06
0.52174365520477	-6.8543949964806e-06
0.52233582735062	-6.8074250521022e-06
0.52292805910110	-6.7536448113970e-06
0.52352029085159	-6.6934317146661e-06
0.52411252260208	-6.6261768552067e-06
0.52470469474792	-6.5629092205199e-06
0.52529692649841	-6.5020958572859e-06
0.52588915824890	-6.4464034039702e-06
0.52648138999939	-6.3887264332152e-06
0.52707356214523	-6.3135244090518e-06
0.52766579389572	-6.2430913203571e-06
0.52825802564621	-6.1828845900891e-06
0.52885025739670	-6.1154901231930e-06
0.52944248914719	-6.0413517530833e-06
0.53003466129303	-5.9621165746648e-06
0.53062689304352	-5.8911909945891e-06
0.53121912479401	-5.8175869526167e-06
0.53181135654449	-5.7345091590832e-06
0.53240352869034	-5.6618905546202e-06
0.53299576044083	-5.5879281717353e-06
0.53358799219131	-5.5120322031144e-06
0.53418022394180	-5.4419510888692e-06
0.53477239608765	-5.3760500122735e-06
0.53536462783813	-5.3160279094300e-06
0.53595685958862	-5.2469931688393e-06
0.53654909133911	-5.1715801419050e-06
0.53714126348495	-5.1020265345869e-06
0.53773349523544	-5.0272974476684e-06
0.53832572698593	-4.9519881031301e-06
0.53891795873642	-4.8940705710265e-06
0.53951013088226	-4.8404185690742e-06
0.54010236263275	-4.7796152102819e-06
0.54069459438324	-4.7145822463790e-06
0.54128682613373	-4.6498566916853e-06
0.54187905788422	-4.5965298340889e-06
0.54247123003006	-4.5434644562192e-06
0.54306346178055	-4.4910193537362e-06
0.54365569353104	-4.4421185521060e-06
0.54424792528152	-4.3883774196729e-06
0.54484009742737	-4.3445361370686e-06
0.54543232917786	-4.3006639316445e-06
0.54602456092834	-4.2512665459071e-06
0.54661679267883	-4.2082547224709e-06
0.54720896482468	-4.1645730561868e-06
0.54780119657516	-4.1240828068112e-06
0.54839342832565	-4.0847808122635e-06
0.54898566007614	-4.0486966099706e-06
0.54957783222198	-4.0268073462357e-06
0.55017006397247	-4.0047643778962e-06
0.55076229572296	-3.9763322092767e-06
0.55135452747345	-3.9458236642531e-06
0.55194669961929	-3.9106903386710e-06
0.55253893136978	-3.8857715480844e-06
0.55313116312027	-3.8680655052303e-06
0.55372339487076	-3.8486682569783e-06
0.55431562662125	-3.8456014408439e-06
0.55490779876709	-3.8422404031735e-06
0.55550003051758	-3.8246325857472e-06
0.55609226226807	-3.8066079923738e-06
0.55668449401855	-3.7952609091008e-06
0.55727666616440	-3.7940744732623e-06
0.55786889791489	-3.7834238355572e-06
0.55846112966537	-3.7706490729761e-06
0.55905336141586	-3.7701113342337e-06
0.55964553356171	-3.7677350519516e-06
0.56023776531219	-3.7697957395721e-06
0.56082999706268	-3.7737788716186e-06
0.56142222881317	-3.7766874356748e-06
0.56201440095901	-3.7822435388080e-06
0.56260663270950	-3.7834761315025e-06
0.56319886445999	-3.7856232211197e-06
0.56379109621048	-3.7921208786429e-06
0.56438326835632	-3.7973120470269e-06
0.56497550010681	-3.7987142604834e-06
0.56556773185730	-3.7997742765583e-06
0.56615996360779	-3.8047937778174e-06
0.56675213575363	-3.8132361623866e-06
0.56734436750412	-3.8183743527043e-06
0.56793659925461	-3.8238640627242e-06
0.56852883100510	-3.8337821024470e-06
0.56912106275558	-3.8412513276853e-06
0.56971323490143	-3.8513567233167e-06
0.57030546665192	-3.8619400584139e-06
0.57089769840240	-3.8746848076698e-06
0.57148993015289	-3.8907460293558e-06
0.57208210229874	-3.8997077353997e-06
0.57267433404922	-3.9096075852285e-06
0.57326656579971	-3.9121446206991e-06
0.57385879755020	-3.9075221138773e-06
0.57445096969604	-3.9164301597339e-06
0.57504320144653	-3.9310980355367e-06
0.57563543319702	-3.9456708691432e-06
0.57622766494751	-3.9601513890375e-06
0.57681983709335	-3.9705514609523e-06
0.57741206884384	-3.9794545045879e-06
0.57800430059433	-3.9822184589866e-06
0.57859653234482	-3.9860101423983e-06
0.57918870449066	-3.9997612475418e-06
0.57978093624115	-4.0025875023275e-06
0.58037316799164	-4.0036461541604e-06
0.58096539974213	-4.0191603147832e-06
0.58155763149261	-4.0257259570353e-06
0.58214980363846	-4.0255172280013e-06
0.58274203538895	-4.0205459299614e-06
0.58333426713943	-4.0175023059419e-06
0.58392649888992	-4.0286149669555e-06
0.58451867103577	-4.0313734643860e-06
0.58511090278625	-4.0315803744306e-06
0.58570313453674	-4.0319082472706e-06
0.58629536628723	-4.0263062146551e-06
0.58688753843307	-4.0234508560388e-06
0.58747977018356	-4.0141840145225e-06
0.58807200193405	-4.0098348108586e-06
0.58866423368454	-4.0098766476149e-06
0.58925640583038	-3.9995820770855e-06
0.58984863758087	-3.9929923332238e-06
0.59044086933136	-3.9908309190650e-06
0.59103310108185	-3.9831929825596e-06
0.59162527322769	-3.9708693293505e-06
0.59221750497818	-3.9580199882039e-06
0.59280973672867	-3.9519027268398e-06
0.59340196847916	-3.9465176087106e-06
0.59399420022964	-3.9343558455585e-06
0.59458637237549	-3.9259384720935e-06
0.59517860412598	-3.9125211515056e-06
0.59577083587646	-3.8915381992410e-06
0.59636306762695	-3.8829148252262e-06
0.59695523977280	-3.8772100197093e-06
0.59754747152328	-3.8633220356132e-06
0.59813970327377	-3.8447460610769e-06
0.59873193502426	-3.8304415284074e-06
0.59932410717010	-3.8169582694536e-06
0.59991633892059	-3.7911472645646e-06
0.60050857067108	-3.7734337183792e-06
0.60110080242157	-3.7664501633117e-06
0.60169297456741	-3.7510728816414e-06
0.60228520631790	-3.7316519865271e-06
0.60287743806839	-3.7088998396939e-06
0.60346966981888	-3.6819533306698e-06
0.60406184196472	-3.6557896692102e-06
0.60465407371521	-3.6311162148195e-06
0.60524630546570	-3.6140518204775e-06
0.60583853721619	-3.5992190987599e-06
0.60643070936203	-3.5694022244570e-06
0.60702294111252	-3.5429300169199e-06
0.60761517286301	-3.5310040402692e-06
0.60820740461349	-3.5176369692635e-06
0.60879963636398	-3.4988715924555e-06
0.60939180850983	-3.4648394375836e-06
0.60998404026031	-3.4309825878154e-06
0.61057627201080	-3.4066956686729e-06
0.61116850376129	-3.3790331599448e-06
0.61176067590714	-3.3594517390156e-06
0.61235290765762	-3.3420681120333e-06
0.61294513940811	-3.3251001241297e-06
0.61353737115860	-3.3089761473093e-06
0.61412954330444	-3.2875818760658e-06
0.61472177505493	-3.2746133911132e-06
0.61531400680542	-3.2587215628155e-06
0.61590623855591	-3.2354982977267e-06
0.61649841070175	-3.2186030693993e-06
0.61709064245224	-3.1996200959838e-06
0.61768287420273	-3.1780518838787e-06
0.61827510595322	-3.1611507438356e-06
0.61886727809906	-3.1482088616031e-06
0.61945950984955	-3.1363608741231e-06
0.62005174160004	-3.1223505629896e-06
0.62064397335052	-3.1186277738016e-06
0.62123620510101	-3.1186298201646e-06
0.62182837724686	-3.0970415991760e-06
0.62242060899734	-3.0787084597250e-06
0.62301284074783	-3.0724684165762e-06
0.62360507249832	-3.0561932362616e-06
0.62419724464417	-3.0399398838199e-06
0.62478947639465	-3.0279038583103e-06
0.62538170814514	-3.0239305033319e-06
0.62597393989563	-3.0190863071766e-06
0.62656611204147	-3.0066619274294e-06
0.62715834379196	-3.0050002806092e-06
0.62775057554245	-3.0006094675628e-06
0.62834280729294	-2.9882262424508e-06
0.62893497943878	-2.9768666536256e-06
0.62952721118927	-2.9648490453837e-06
0.63011944293976	-2.9625484785356e-06
0.63071167469025	-2.9595807973237e-06
0.63130384683609	-2.9431464554364e-06
0.63189607858658	-2.9344839731493e-06
0.63248831033707	-2.9355198876146e-06
0.63308054208755	-2.9282136893016e-06
0.63367277383804	-2.9218729196145e-06
0.63426494598389	-2.9213647394499e-06
0.63485717773438	-2.9249740691739e-06
0.63544940948486	-2.9252405511215e-06
0.63604164123535	-2.9139919206500e-06
0.63663381338120	-2.9104357963661e-06
0.63722604513168	-2.9031564281468e-06
0.63781827688217	-2.8883773666166e-06
0.63841050863266	-2.8879112505820e-06
0.63900268077850	-2.8868880690425e-06
0.63959491252899	-2.8827821552113e-06
0.64018714427948	-2.8800131985918e-06
0.64077937602997	-2.8757785912603e-06
0.64137154817581	-2.8695635592157e-06
0.64196377992630	-2.8559404654516e-06
0.64255601167679	-2.8497761377366e-06
0.64314824342728	-2.8516944894363e-06
0.64374041557312	-2.8480285436672e-06
0.64433264732361	-2.8465869945649e-06
0.64492487907410	-2.8434421892598e-06
0.64551711082458	-2.8300903522904e-06
0.64610928297043	-2.8184936127218e-06
0.64670151472092	-2.8134209060227e-06
0.64729374647141	-2.8135068532720e-06
0.64788597822189	-2.8105362162023e-06
0.64847820997238	-2.8029546683683e-06
0.64907038211823	-2.8043168640579e-06
0.64966261386871	-2.8009233119519e-06
0.65025484561920	-2.7946487080044e-06
0.65084707736969	-2.7939734081883e-06
0.65143924951553	-2.7898636290047e-06
0.65203148126602	-2.7950297862844e-06
0.65262371301651	-2.7958644750470e-06
0.65321594476700	-2.7904457056138e-06
0.65380811691284	-2.7968271751888e-06
0.65440034866333	-2.8015106181556e-06
0.65499258041382	-2.8026045129081e-06
0.65558481216431	-2.7981011498923e-06
0.65617698431015	-2.7955722998740e-06
0.65676921606064	-2.8045135422872e-06
0.65736144781113	-2.8034241950081e-06
0.65795367956161	-2.7969563234365e-06
0.65854585170746	-2.8016968371958e-06
0.65913808345795	-2.8025501705997e-06
0.65973031520844	-2.8004874366161e-06
0.66032254695892	-2.8071358428861e-06
0.66091477870941	-2.8088559247408e-06
0.66150695085526	-2.8043464226357e-06
0.66209918260574	-2.7953813059867e-06
0.66269141435623	-2.7834528282256e-06
0.66328364610672	-2.7773771762440e-06
0.66387581825256	-2.7708103971236e-06
0.66446805000305	-2.7693290576281e-06
0.66506028175354	-2.7637609036901e-06
0.66565251350403	-2.7465025596030e-06
0.66624468564987	-2.7368605515221e-06
0.66683691740036	-2.7270298232906e-06
0.66742914915085	-2.7157250315213e-06
0.66802138090134	-2.7088594833913e-06
0.66861355304718	-2.6977197649103e-06
0.66920578479767	-2.6846284981730e-06
0.66979801654816	-2.6695236101659e-06
0.67039024829865	-2.6549612357485e-06
0.67098242044449	-2.6455352326593e-06
0.67157465219498	-2.6380025701656e-06
0.67216688394547	-2.6360251013102e-06
0.67275911569595	-2.6294619601686e-06
0.67335134744644	-2.6113013973372e-06
0.67394351959229	-2.6052068733406e-06
0.67453575134277	-2.5994431780418e-06
0.67512798309326	-2.5827860099525e-06
0.67572021484375	-2.5789959181566e-06
0.67631238698959	-2.5786564492591e-06
0.67690461874008	-2.5754588932614e-06
0.67749685049057	-2.5690301299619e-06
0.67808908224106	-2.5658603135525e-06
0.67868125438690	-2.5741512672539e-06
0.67927348613739	-2.5667541194707e-06
0.67986571788788	-2.5536514840496e-06
0.68045794963837	-2.5477070266788e-06
0.68105012178421	-2.5396570890734e-06
0.68164235353470	-2.5378199097759e-06
0.68223458528519	-2.5320048280264e-06
0.68282681703568	-2.5253721105400e-06
0.68341898918152	-2.5252868454118e-06
0.68401122093201	-2.5213344088115e-06
0.68460345268250	-2.5179983822454e-06
0.68519568443298	-2.5107635792665e-06
0.68578791618347	-2.4966493583634e-06
0.68638008832932	-2.4882945126592e-06
0.68697232007980	-2.4764308363956e-06
0.68756455183029	-2.4606099486846e-06
0.68815678358078	-2.4541329821659e-06
0.68874895572662	-2.4384726202697e-06
0.68934118747711	-2.4163346097339e-06
0.68993341922760	-2.4069622668321e-06
0.69052565097809	-2.4018891053856e-06
0.69111782312393	-2.3912075448607e-06
0.69171005487442	-2.3708280423307e-06
0.69230228662491	-2.3577110823680e-06
0.69289451837540	-2.3545312615170e-06
0.69348669052124	-2.3437480649591e-06
0.69407892227173	-2.3315294583881e-06
0.69467115402222	-2.3179939034890e-06
0.69526338577271	-2.3011339180812e-06
0.69585555791855	-2.2905935566087e-06
0.69644778966904	-2.2866963718116e-06
0.69704002141953	-2.2806782453699e-06
0.69763225317001	-2.2725701001036e-06
0.69822442531586	-2.2720921606378e-06
0.69881665706635	-2.2741114662495e-06
0.69940888881683	-2.2650910977973e-06
0.70000112056732	-2.2575586626772e-06
0.70059335231781	-2.2636620542471e-06
0.70118552446365	-2.2609099232795e-06
0.70177775621414	-2.2519404865307e-06
0.70236998796463	-2.2496083147416e-06
0.70296221971512	-2.2481804080599e-06
0.70355439186096	-2.2531551167049e-06
0.70414662361145	-2.2504184471472e-06
0.70473885536194	-2.2469246232504e-06
0.70533108711243	-2.2539950350620e-06
0.70592325925827	-2.2544527382706e-06
0.70651549100876	-2.2543204067915e-06
0.70710772275925	-2.2467202143162e-06
0.70769995450974	-2.2384183466784e-06
0.70829212665558	-2.2434116999648e-06
0.70888435840607	-2.2406045445678e-06
0.70947659015656	-2.2357119178196e-06
0.71006882190704	-2.2371089016815e-06
0.71066099405289	-2.2346416699293e-06
0.71125322580338	-2.2269459805102e-06
0.71184545755386	-2.2145509319671e-06
0.71243768930435	-2.2099109173723e-06
0.71302992105484	-2.2106810320111e-06
0.71362209320068	-2.1992286747263e-06
0.71421432495117	-2.1943267256574e-06
0.71480655670166	-2.1993666905473e-06
0.71539878845215	-2.1926935005467e-06
0.71599096059799	-2.1837374788447e-06
0.71658319234848	-2.1731984816142e-06
0.71717542409897	-2.1648704660038e-06
0.71776765584946	-2.1639400529239e-06
0.71835982799530	-2.1572518562607e-06
0.71895205974579	-2.1490159269888e-06
0.71954429149628	-2.1373505205702e-06
0.72013652324677	-2.1316798211046e-06
0.72072869539261	-2.1377873054007e-06
0.72132092714310	-2.1360831397033e-06
0.72191315889359	-2.1324842691683e-06
0.72250539064407	-2.1301107153704e-06
0.72309756278992	-2.1219350401225e-06
0.72368979454041	-2.1148048290343e-06
0.72428202629089	-2.1109983663337e-06
0.72487425804138	-2.1060570816189e-06
0.72546648979187	-2.0982602109143e-06
0.72605866193771	-2.0889820007142e-06
0.72665089368820	-2.0864915768470e-06
0.72724312543869	-2.0919439975842e-06
0.72783535718918	-2.0948227756890e-06
0.72842752933502	-2.0974964627385e-06
0.72901976108551	-2.0919674170727e-06
0.72961199283600	-2.0801512619073e-06
0.73020422458649	-2.0749994291691e-06
0.73079639673233	-2.0645002223318e-06
0.73138862848282	-2.0577695067914e-06
0.73198086023331	-2.0551940451696e-06
0.73257309198380	-2.0491315808613e-06
0.73316526412964	-2.0480056264205e-06
0.73375749588013	-2.0426939499885e-06
0.73434972763062	-2.0407710508152e-06
0.73494195938110	-2.0405027498782e-06
0.73553413152695	-2.0311656498961e-06
0.73612636327744	-2.0252871308912e-06
0.73671859502792	-2.0160655367363e-06
0.73731082677841	-2.0024051536893e-06
0.73790299892426	-1.9957278709626e-06
0.73849523067474	-1.9868023173331e-06
0.73908746242523	-1.9761087060033e-06
0.73967969417572	-1.9696346953424e-06
0.74027192592621	-1.9621609226306e-06
0.74086409807205	-1.9557962787076e-06
0.74145632982254	-1.9460221665213e-06
0.74204856157303	-1.9371514099475e-06
0.74264079332352	-1.9311046344228e-06
0.74323296546936	-1.9146661998093e-06
0.74382519721985	-1.9047189425692e-06
0.74441742897034	-1.8988729379998e-06
0.74500966072083	-1.8856203496398e-06
0.74560183286667	-1.8775682519845e-06
0.74619406461716	-1.8683837197386e-06
0.74678629636765	-1.8598025235406e-06
0.74737852811813	-1.8527824749981e-06
0.74797070026398	-1.8434254798194e-06
0.74856293201447	-1.8327007182961e-06
0.74915516376495	-1.8204191292170e-06
0.74974739551544	-1.8158185639550e-06
0.75033956766129	-1.8050503740596e-06
0.75093179941177	-1.7838634676082e-06
0.75152403116226	-1.7758151216185e-06
0.75211626291275	-1.7774100342649e-06
0.75270849466324	-1.7725744783093e-06
0.75330066680908	-1.7649306300882e-06
0.75389289855957	-1.7582943883099e-06
0.75448513031006	-1.7476444327258e-06
0.75507736206055	-1.7299728369835e-06
0.75566953420639	-1.7097916042985e-06
0.75626176595688	-1.7013945807776e-06
0.75685399770737	-1.6920797634157e-06
0.75744622945786	-1.6739822967793e-06
0.75803840160370	-1.6658625554555e-06
0.75863063335419	-1.6539576108698e-06
0.75922286510468	-1.6369508557545e-06
0.75981509685516	-1.6249622376563e-06
0.76040726900101	-1.6098913420137e-06
0.76099950075150	-1.5937347370709e-06
0.76159173250198	-1.5721874433439e-06
0.76218396425247	-1.5494773606406e-06
0.76277613639832	-1.5242848121488e-06
0.76336836814880	-1.4898403151165e-06
0.76396059989929	-1.4665621392851e-06
0.76455283164978	-1.4508345884678e-06
0.76514506340027	-1.4259114777815e-06
0.76573723554611	-1.4023631820237e-06
0.76632946729660	-1.3744911484537e-06
0.76692169904709	-1.3389510513662e-06
0.76751393079758	-1.3081702263662e-06
0.76810610294342	-1.2754437648255e-06
0.76869833469391	-1.2484887292885e-06
0.76929056644440	-1.2226913668201e-06
0.76988279819489	-1.1835641089419e-06
0.77047497034073	-1.1444222991486e-06
0.77106720209122	-1.1058527888963e-06
0.77165943384171	-1.0790661235660e-06
0.77225166559219	-1.0526465530347e-06
0.77284383773804	-1.0058359976028e-06
0.77343606948853	-9.6573114660714e-07
0.77402830123901	-9.2752014779762e-07
0.77462053298950	-8.8216768290295e-07
0.77521270513535	-8.4159501057002e-07
0.77580493688583	-8.0207172459268e-07
0.77639716863632	-7.6254286796029e-07
0.77698940038681	-7.1590068273508e-07
0.77758157253265	-6.6520163954920e-07
0.77817380428314	-6.1945235074745e-07
0.77876603603363	-5.7208512771467e-07
0.77935826778412	-5.2189574262229e-07
0.77995049953461	-4.7074857434382e-07
0.78054267168045	-4.1111837845165e-07
0.78113490343094	-3.4310755836486e-07
0.78172713518143	-2.7562381887947e-07
0.78231936693192	-2.1325253385385e-07
0.78291153907776	-1.5247549356445e-07
0.78350377082825	-8.3643293180558e-08
0.78409600257874	-1.3104886065207e-08
0.78468823432922	6.2253789678834e-08
0.78528040647507	1.4605475939788e-07
0.78587263822556	2.1952801887437e-07
0.78646486997604	2.9551131319749e-07
0.78705710172653	3.8411812397499e-07
0.78764927387238	4.7693913529656e-07
0.78824150562286	5.7768630767896e-07
0.78883373737335	6.7880483811678e-07
0.78942596912384	7.7719221280859e-07
0.79001814126968	8.7570100504308e-07
0.79061037302017	9.7291797374055e-07
0.79120260477066	1.0731124575614e-06
0.79179483652115	1.1795943919424e-06
0.79238706827164	1.2937745168529e-06
0.79297924041748	1.4134575394564e-06
0.79357147216797	1.5278859564205e-06
0.79416370391846	1.6459030121041e-06
0.79475593566895	1.7784676629162e-06
0.79534810781479	1.9049007278227e-06
0.79594033956528	2.0294990008551e-06
0.79653257131577	2.1631735762639e-06
0.79712480306625	2.3016552859190e-06
0.79771697521210	2.4451019271510e-06
0.79830920696259	2.5807539714151e-06
0.79890143871307	2.7258317913947e-06
0.79949367046356	2.8842546271335e-06
0.80008584260941	3.0374799280253e-06
0.80067807435989	3.1984352517611e-06
0.80127030611038	3.3651626836217e-06
0.80186253786087	3.5381817724556e-06
0.80245471000671	3.7179570426815e-06
0.80304694175720	3.8987923289824e-06
0.80363917350769	4.0890276977734e-06
0.80423140525818	4.2792530621227e-06
0.80482363700867	4.4743496800947e-06
0.80541580915451	4.6840946197335e-06
0.80600804090500	4.8925016926660e-06
0.80660027265549	5.1056631491520e-06
0.80719250440598	5.3294729696063e-06
0.80778467655182	5.5498171604995e-06
0.80837690830231	5.7793467931333e-06
0.80896914005280	6.0251572904235e-06
0.80956137180328	6.2768704083283e-06
0.81015354394913	6.5304152485623e-06
0.81074577569962	6.7783198574034e-06
0.81133800745010	7.0348378358176e-06
0.81193023920059	7.3030619205383e-06
0.81252241134644	7.5752577686217e-06
0.81311464309692	7.8558223322034e-06
0.81370687484741	8.1326897998224e-06
0.81429910659790	8.4177590906620e-06
0.81489127874374	8.7147764133988e-06
0.81548351049423	9.0090179583058e-06
0.81607574224472	9.3145426944830e-06
0.81666797399521	9.6274061434087e-06
0.81726014614105	9.9374210549286e-06
0.81785237789154	1.0250390005240e-05
0.81844460964203	1.0565091542958e-05
0.81903684139252	1.0887930329773e-05
0.81962907314301	1.1222675311728e-05
0.82022124528885	1.1558133337530e-05
0.82081347703934	1.1902336154890e-05
0.82140570878983	1.2256698028068e-05
0.82199794054031	1.2607055396074e-05
0.82259011268616	1.2964036613994e-05
0.82318234443665	1.3324691281014e-05
0.82377457618713	1.3690442756342e-05
0.82436680793762	1.4066942640056e-05
0.82495898008347	1.4442050087382e-05
0.82555121183395	1.4829945939709e-05
0.82614344358444	1.5224258277158e-05
0.82673567533493	1.5616997188772e-05
0.82732784748077	1.6020976545406e-05
0.82792007923126	1.6427595255664e-05
0.82851231098175	1.6842654076754e-05